100 1.173752519462779 2.9214611898297056
1000 1.6868911830774522 3.0166677277236364
10000 1.8264476425347713 3.0188718328692814
100000 1.8513638347102996 3.018324402451979
316 1.4221497035684547 2.993174722461297
3162 1.8050491146418681 3.0167005224842645
31622 1.8368982466372288 3.0212856525636753
100 1.173752519462779 2.9214611898297056
1000 1.6868911830774522 3.0166677277236364
10000 1.8264476425347713 3.0188718328692814
100000 1.8513638347102996 3.018324402451979
316 1.4221497035684547 2.993174722461297
3162 1.8050491146418681 3.0167005224842645
31622 1.8368982466372288 3.0212856525636753
316 1.4221497035684547 2.993174722461297
3162 1.8050491146418681 3.0167005224842645
31622 1.8368982466372288 3.0212856525636753
316 1.4221497035684547 2.993174722461297
3162 1.8050491146418681 3.0167005224842645
31622 1.8368982466372288 3.0212856525636753
316 1.4221497035684547 2.993174722461297
3162 1.8050491146418681 3.0167005224842645
31622 1.8368982466372288 3.0212856525636753
316 1.4221497035684547 2.993174722461297
3162 1.8050491146418681 3.0167005224842645
31622 1.8368982466372288 3.0212856525636753
3162 1.8050491146418681 3.0167005224842645
100 1.173752519462779 2.9214611898297056
1000 1.6868911830774522 3.0166677277236364
100 1.173752519462779 2.9214611898297056
1000 1.6868911830774522 3.0166677277236364
10000 1.8264476425347713 3.0188718328692814
100000 1.8513638347102996 3.018324402451979
