0.699249 
0.445105 
0.445105 
0.803461 
0.803461 
0.774421 
0.925665 
0.303903 
0.463275 
0.801653 
0.816551 
0.816551 
0.816551 
0.816551 
0.816551 
0.816551 
0.816551 
0.816551 
0.816551 
0.670058 
0.670058 
0.670058 
0.376573 
0.376573 
0.376573 
0.376573 
0.565799 
0.805165 
0.596165 
0.596165 
0.596165 
0.596165 
0.596165 
0.952948 
0.952948 
0.368828 
0.368828 
0.368828 
0.368828 
0.327161 
0.327161 
0.327161 
0.327161 
0.327161 
0.327161 
0.327161 
0.327161 
0.327161 
0.739080 
0.739080 
0.577998 
0.867882 
0.867882 
0.867882 
0.867882 
0.867882 
0.867882 
0.867882 
0.867882 
0.867882 
0.867882 
0.867882 
0.867882 
0.867882 
0.867882 
0.867882 
0.645058 
0.645058 
0.783269 
0.498227 
0.369016 
0.369016 
0.369016 
0.434403 
0.599267 
0.599267 
0.599267 
0.599267 
0.599267 
0.583024 
0.848743 
0.848743 
0.848743 
0.616015 
0.953209 
0.602216 
0.602216 
0.602216 
0.646208 
0.646208 
0.646208 
0.646208 
0.646208 
0.646208 
0.646208 
0.646208 
0.646208 
0.646208 
0.646208 
0.646208 
0.646208 
0.322218 
0.322218 
0.500466 
0.800669 
0.800669 
0.800669 
0.219017 
0.219017 
0.219017 
0.219017 
0.219017 
0.219017 
0.445421 
0.445421 
0.445421 
0.228606 
0.607010 
0.607010 
0.607010 
0.607010 
0.607010 
0.492369 
0.492369 
0.492369 
0.492369 
0.492369 
0.806230 
0.806230 
0.809241 
0.809241 
0.809241 
0.809241 
0.808586 
0.808586 
0.295462 
0.200489 
0.200489 
0.200489 
0.200489 
0.687045 
0.871135 
0.871135 
0.470783 
0.470783 
0.674889 
0.605439 
0.846345 
0.846345 
0.846345 
0.846345 
0.293753 
0.293753 
0.293753 
0.293753 
0.293753 
0.879009 
0.879009 
0.879009 
0.542994 
0.501614 
0.501614 
0.501614 
0.501614 
0.501614 
0.501614 
0.501614 
0.501614 
0.501614 
0.501614 
0.501614 
0.501614 
0.501614 
0.407508 
0.407508 
0.407508 
0.407508 
0.407508 
0.832849 
0.272288 
0.272288 
0.322937 
0.322937 
0.322937 
0.579850 
0.579850 
0.579850 
0.579850 
0.579850 
0.579850 
0.278170 
0.951487 
0.951487 
0.951487 
0.951487 
0.951487 
0.951487 
0.951487 
0.196964 
0.196964 
0.196964 
0.196964 
0.196964 
0.196964 
0.196964 
0.437969 
0.437969 
0.852813 
0.852813 
0.509335 
0.508229 
0.508229 
0.508229 
0.508229 
0.508229 
0.508229 
0.508229 
0.508229 
0.328247 
0.667317 
0.667317 
0.667317 
0.524182 
0.499300 
0.499300 
0.722309 
0.763654 
0.763654 
0.763654 
0.763654 
0.763654 
0.763654 
0.763654 
0.753440 
0.753440 
0.713755 
0.713755 
0.713755 
0.713755 
0.713755 
0.713755 
0.713755 
0.713755 
0.555078 
0.555078 
0.555078 
0.555078 
0.650694 
0.650694 
0.650694 
0.650694 
0.650694 
0.650694 
0.650694 
0.650694 
0.650694 
0.650694 
0.650694 
0.650694 
0.650694 
0.185522 
0.185522 
0.185522 
0.185522 
0.185522 
0.458709 
0.458709 
0.458709 
0.458709 
0.458709 
0.622131 
0.622131 
0.622131 
0.622131 
0.434558 
0.635491 
0.635491 
0.874141 
0.874141 
0.874141 
0.874141 
0.874141 
0.874141 
0.874141 
0.874141 
0.874141 
0.874141 
0.874141 
0.874141 
0.874141 
0.776244 
0.776244 
0.776244 
0.776244 
0.776244 
0.776244 
0.373368 
0.373368 
0.373368 
0.662085 
0.662085 
0.662085 
0.629675 
0.629675 
0.629675 
0.216799 
0.758917 
0.666632 
0.666632 
0.666632 
0.666632 
0.666632 
0.666632 
0.530502 
0.530502 
0.530502 
0.530502 
0.530502 
0.530502 
0.530502 
0.530502 
0.316427 
0.316427 
0.316427 
0.316427 
0.316427 
0.316427 
0.628580 
0.628580 
0.628580 
0.628580 
0.628580 
0.628580 
0.628580 
0.628580 
0.628580 
0.628580 
0.628580 
0.628580 
0.628580 
0.628580 
0.651173 
0.362660 
0.362660 
0.362660 
0.362660 
0.690427 
0.646181 
0.646181 
0.646181 
0.549318 
0.445007 
0.445007 
0.445007 
0.445007 
0.445007 
0.445007 
0.445007 
0.290664 
0.820258 
0.820258 
0.227336 
0.669132 
0.388460 
0.388460 
0.388460 
0.388460 
0.388460 
0.388460 
0.388460 
0.388460 
0.693709 
0.693709 
0.693709 
0.693709 
0.693709 
0.848614 
0.848614 
0.546363 
0.780274 
0.780274 
0.780274 
0.780274 
0.780274 
0.780274 
0.780274 
0.450612 
0.450612 
0.450612 
0.450612 
0.450612 
0.450612 
0.480131 
0.480131 
0.480131 
0.480131 
0.480131 
0.480131 
0.480131 
0.480131 
0.954451 
0.954451 
0.954451 
0.954451 
0.954451 
0.954451 
0.954451 
0.954451 
0.954451 
0.954451 
0.954451 
0.954451 
0.632566 
0.632566 
0.632566 
0.806177 
0.806177 
0.806177 
0.806177 
0.806177 
0.104708 
0.408441 
0.165107 
0.165107 
0.700866 
0.760075 
0.760075 
0.760075 
0.760075 
0.734623 
0.734623 
0.734623 
0.734623 
0.734623 
0.734623 
0.734623 
0.734623 
0.219644 
0.219644 
0.666671 
0.818314 
0.208100 
0.208100 
0.208100 
0.878262 
0.878262 
0.878262 
0.878262 
0.878262 
0.878262 
0.878262 
0.878262 
0.878262 
0.878262 
0.878262 
0.488190 
0.488190 
0.265024 
0.265024 
0.265024 
0.265024 
0.265024 
0.265024 
0.265024 
0.265024 
0.265024 
0.265024 
0.265024 
0.658180 
0.658180 
0.658180 
0.658180 
0.658180 
0.658180 
0.658180 
0.658180 
0.658180 
0.879038 
0.879038 
0.879038 
0.879038 
0.879038 
0.879038 
0.622780 
0.622780 
0.622780 
0.622780 
0.616738 
0.616738 
0.616738 
0.616738 
0.616738 
0.616738 
0.616738 
0.616738 
0.616738 
0.616738 
0.321476 
0.321476 
0.321476 
0.321476 
0.871486 
0.871275 
0.871275 
0.871275 
0.871275 
0.871275 
0.762428 
0.762428 
0.762428 
0.762428 
0.161173 
0.161173 
0.161173 
0.161173 
0.161173 
0.161173 
0.161173 
0.161173 
0.161173 
0.161173 
0.161173 
0.161173 
0.161173 
0.161173 
0.161173 
0.894513 
0.513498 
0.513498 
0.513498 
0.513498 
0.113235 
0.113235 
0.113235 
0.113235 
0.113235 
0.113235 
0.113235 
0.113235 
0.113235 
0.113235 
0.113235 
0.113235 
0.113235 
0.113235 
0.113235 
0.113235 
0.113235 
0.113235 
0.693094 
0.693094 
0.693094 
0.693094 
0.693094 
0.693094 
0.693094 
0.693094 
0.693094 
0.693094 
0.693094 
0.693094 
0.693094 
0.693094 
0.511047 
0.511047 
0.511047 
0.692780 
0.692780 
0.692780 
0.692780 
0.692780 
0.692780 
0.624285 
0.624285 
0.624285 
0.678612 
0.678612 
0.681856 
0.681856 
0.681856 
0.681856 
0.681856 
0.681856 
0.681856 
0.681856 
0.681856 
0.659146 
0.659146 
0.659146 
0.659146 
0.659146 
0.560329 
0.560329 
0.560329 
0.560329 
0.560329 
0.795992 
0.795992 
0.795992 
0.602770 
0.602770 
0.602770 
0.779106 
0.779106 
0.779106 
0.779106 
0.779106 
0.779106 
0.779106 
0.779106 
0.287964 
0.287964 
0.287964 
0.287964 
0.637846 
0.637846 
0.637846 
0.334882 
0.724681 
0.724681 
0.724681 
0.724681 
0.724681 
0.724681 
0.724681 
0.724681 
0.724681 
0.724681 
0.724681 
0.678774 
0.678774 
0.678774 
0.678774 
0.678774 
0.645573 
0.645573 
0.645573 
0.645573 
0.645573 
0.645573 
0.645573 
0.356341 
0.394584 
0.634831 
0.634831 
0.634831 
0.634831 
0.715785 
0.715785 
0.715785 
0.715785 
0.743069 
0.743069 
0.743069 
0.743069 
0.743069 
0.860050 
0.860050 
0.684815 
0.684815 
0.684815 
0.487429 
0.487429 
0.487429 
0.487429 
0.487429 
0.487429 
0.696172 
0.696172 
0.696172 
0.696172 
0.696172 
0.696172 
0.687581 
0.687581 
0.695124 
0.695124 
0.393480 
0.393480 
0.393480 
0.813886 
0.813886 
0.813886 
0.813886 
0.813886 
0.813886 
0.877591 
0.877591 
0.877591 
0.877591 
0.877591 
0.877591 
0.877591 
0.877591 
0.877591 
0.877591 
0.877591 
0.877591 
0.877591 
0.961457 
0.961457 
0.961457 
0.401289 
0.401289 
0.401289 
0.861693 
0.861693 
0.457840 
0.457840 
0.457840 
0.457840 
0.457840 
0.457840 
0.308666 
0.308666 
0.308666 
0.308666 
0.308666 
0.308666 
0.308666 
0.308666 
0.308666 
0.308666 
0.181060 
0.603001 
0.603001 
0.603001 
0.603001 
0.603001 
0.485198 
0.485198 
0.485198 
0.485198 
0.485198 
0.234471 
0.513073 
0.513073 
0.513073 
0.513073 
0.513073 
0.757787 
0.757787 
0.757787 
0.757787 
0.757787 
0.757787 
0.757787 
0.757787 
0.757787 
0.757787 
0.757787 
0.556283 
0.556283 
0.556283 
0.556283 
0.654318 
0.654318 
0.654318 
0.654318 
0.654318 
0.654318 
0.654318 
0.654318 
0.654318 
0.654318 
0.654318 
0.654318 
0.809398 
0.809398 
0.809398 
0.776309 
0.776309 
0.776309 
0.556821 
0.556821 
0.556821 
0.556821 
0.556821 
0.556821 
0.556821 
0.556821 
0.556821 
0.556821 
0.556821 
0.556821 
0.556821 
0.556821 
0.556821 
0.556821 
0.388236 
0.388236 
0.388236 
0.388236 
0.388236 
0.388236 
0.388236 
0.388236 
0.388236 
0.589122 
0.589122 
0.589122 
0.125241 
0.125241 
0.305090 
0.305090 
0.305090 
0.922691 
0.922691 
0.922691 
0.922691 
0.922691 
0.218919 
0.483003 
0.907182 
0.907182 
0.907182 
0.907182 
0.907182 
0.598362 
0.598362 
0.598362 
0.598362 
0.598362 
0.598362 
0.598362 
0.598362 
0.598362 
0.598362 
0.598362 
0.515225 
0.515225 
0.535094 
0.535094 
0.535094 
0.535094 
0.535094 
0.348910 
0.348910 
0.348910 
0.348910 
0.348910 
0.348910 
0.348910 
0.348910 
0.348910 
0.631260 
0.631260 
0.631260 
0.631260 
0.631260 
0.351362 
0.351362 
0.351362 
0.351362 
0.351362 
0.351362 
0.351362 
0.832727 
0.832727 
0.832727 
0.832727 
0.803861 
0.719239 
0.719239 
0.719239 
0.719239 
0.719239 
0.649931 
0.649931 
0.649931 
0.649931 
0.649931 
0.333710 
0.333710 
0.315981 
0.315981 
0.315981 
0.315981 
0.315981 
0.544753 
0.539693 
0.539693 
0.539693 
0.952766 
0.952766 
0.952766 
0.952766 
0.952766 
0.952766 
0.952766 
0.952766 
0.908901 
0.775006 
0.775006 
0.385287 
0.385287 
0.718975 
0.718975 
0.718975 
0.718975 
0.718975 
0.616923 
0.799203 
0.799203 
0.781597 
0.781597 
0.781597 
0.970173 
0.970173 
0.970173 
0.970173 
0.970173 
0.604398 
0.874096 
0.874096 
0.874096 
0.517216 
0.517216 
0.517216 
0.517216 
0.517216 
0.859971 
0.859971 
0.859971 
0.859971 
0.859971 
0.859971 
0.859971 
0.859971 
0.319098 
0.319098 
0.319098 
0.319098 
0.319098 
0.319098 
0.319098 
0.319098 
0.319098 
0.319098 
0.696628 
0.696628 
0.696628 
0.696628 
0.696628 
0.696628 
0.696628 
0.696628 
0.696628 
0.696628 
0.696628 
0.938744 
0.938744 
0.938744 
0.938744 
0.592160 
0.592160 
0.592160 
0.374426 
0.374426 
0.374426 
0.374426 
0.374426 
0.486979 
0.486979 
0.486979 
0.486979 
0.486979 
0.486979 
0.486979 
0.486979 
0.486979 
0.486979 
0.486979 
0.486979 
0.480080 
0.480080 
0.480080 
0.480080 
0.480080 
0.480080 
0.480080 
0.891585 
0.891585 
0.891585 
0.737909 
0.737909 
0.737909 
0.737909 
0.737909 
0.737909 
0.737909 
0.737909 
0.737909 
0.737909 
0.765484 
0.765484 
0.765484 
0.542216 
0.542216 
0.542216 
