0.787842 
0.787842 
0.787842 
4.003736 
-0.373390 
1.207517 
1.207517 
-0.432502 
4.143637 
0.940613 
3.861039 
-0.347815 
0.899000 
0.440321 
4.258083 
-2.661545 
-1.271956 
8.572481 
-5.154699 
6.817210 
-2.355251 
0.809134 
0.809134 
3.926616 
2.875117 
-0.931487 
0.585195 
0.585195 
1.389403 
1.389403 
0.105898 
2.480600 
0.067573 
0.371345 
1.535081 
3.281686 
-1.623646 
-0.808526 
-1.372969 
4.563738 
-3.097090 
-1.509403 
1.499611 
0.216430 
0.216430 
0.216430 
0.216430 
4.306851 
-1.948752 
-1.948752 
-1.912270 
-1.912270 
-1.370520 
-1.370520 
1.609067 
-0.081448 
-0.081448 
4.705960 
-3.376676 
3.998350 
0.559666 
-1.276098 
-1.499808 
2.924072 
2.924072 
0.965387 
1.323515 
1.323515 
1.323515 
1.323515 
1.323515 
1.351562 
3.026881 
2.602077 
0.006239 
0.006239 
2.457802 
1.309450 
2.767521 
1.542628 
1.319022 
2.287197 
2.287197 
2.287197 
2.287197 
2.287197 
-0.076136 
-0.076136 
-0.076136 
6.646289 
-2.649307 
5.970831 
-2.390196 
-0.164864 
3.773564 
-0.042382 
1.325461 
1.325461 
-1.569581 
-1.399057 
1.461502 
1.461502 
0.169162 
0.169162 
0.169162 
-1.122266 
-1.122266 
0.385767 
0.385767 
4.942095 
2.945567 
-0.553856 
4.617358 
-0.156947 
-0.156947 
0.949675 
0.949675 
0.711596 
0.711596 
0.711596 
0.711596 
5.347385 
-1.025944 
0.383264 
0.383264 
3.133004 
3.133004 
3.133004 
-2.170589 
-0.140937 
1.720403 
1.720403 
1.720403 
1.720403 
1.720403 
1.720403 
1.720403 
-0.377528 
1.228226 
1.228226 
1.228226 
1.228226 
0.815318 
0.815318 
0.720764 
3.126757 
-1.526012 
6.147911 
-2.437209 
-0.640077 
-0.640077 
6.581556 
-3.462423 
4.066424 
0.116671 
0.116671 
3.766588 
2.973369 
2.912774 
4.119939 
-2.397029 
-4.207534 
-0.420780 
-1.136275 
0.328108 
0.248040 
5.070507 
-2.916152 
6.025574 
3.770240 
-0.212119 
-0.212119 
6.024052 
-5.934941 
-0.998887 
-0.910500 
1.024134 
0.198382 
1.048764 
2.539151 
-3.469896 
2.497688 
-1.594993 
4.654999 
-0.475886 
-2.184124 
2.396168 
2.396168 
0.320380 
0.356580 
1.231561 
2.551314 
-1.025375 
-1.025375 
1.585467 
2.168913 
2.168913 
2.168913 
-1.290611 
1.941097 
1.941097 
1.941097 
0.538314 
1.157311 
1.787120 
1.787120 
1.787120 
2.920954 
-2.687740 
2.875028 
-4.104324 
4.151128 
-2.803786 
0.075491 
0.987782 
-0.036080 
-0.036080 
-0.467986 
-0.467986 
4.479656 
1.091530 
1.091530 
5.467919 
-2.649787 
-1.136961 
-1.136961 
3.006175 
-1.381192 
-1.381192 
-0.969244 
-0.969244 
-0.969244 
-0.969244 
-0.969244 
4.814814 
4.814814 
0.042681 
-0.227538 
-1.288123 
-1.288123 
-1.288123 
5.236521 
0.718165 
0.718165 
0.718165 
0.730918 
1.404876 
1.404876 
1.298994 
-1.283998 
0.439578 
2.125471 
1.700813 
1.223800 
-0.697156 
-0.280388 
-0.280388 
1.963412 
1.963412 
1.824421 
1.824421 
2.215929 
0.025036 
0.025036 
2.960709 
0.462691 
0.462691 
0.565539 
0.565539 
0.104060 
5.055729 
3.678318 
-0.198895 
-0.198895 
0.332112 
0.332112 
2.825712 
-1.480442 
-1.480442 
-1.480442 
-0.916197 
-0.916197 
-0.323902 
-0.323902 
1.787854 
1.667570 
-1.219777 
0.333710 
0.333710 
0.333710 
0.415626 
2.351935 
0.557135 
0.557135 
1.153777 
1.153777 
1.153777 
1.153777 
3.445407 
0.071582 
0.071582 
3.951519 
-1.488797 
-0.402721 
0.347183 
0.347183 
0.347183 
0.347183 
0.347183 
0.501754 
0.501754 
0.501754 
0.501754 
2.151719 
2.151719 
2.151719 
1.111146 
-3.294117 
-1.257172 
0.993968 
0.993968 
0.993968 
0.993968 
2.026255 
2.026255 
2.246259 
2.246259 
0.637530 
0.637530 
1.079407 
1.079407 
-0.913391 
0.599558 
0.599558 
2.431798 
0.395006 
0.111572 
1.686792 
1.686792 
1.686792 
1.686792 
1.686792 
1.686792 
1.686792 
0.946871 
2.466882 
-3.239609 
4.398818 
-4.942353 
-0.494481 
-0.494481 
-0.494481 
1.979601 
1.827578 
1.827578 
1.449263 
5.122428 
-0.716597 
0.315598 
0.315598 
0.315598 
-0.086607 
5.684357 
-2.611423 
-0.086715 
-0.794645 
1.369521 
1.369521 
1.369521 
1.171121 
-0.897714 
-0.897714 
5.870676 
-1.990905 
-1.019024 
3.207845 
-1.595794 
-1.595794 
1.045167 
-2.194334 
0.081403 
0.081403 
0.081403 
0.081403 
0.081403 
4.400925 
1.415423 
1.415423 
2.940948 
-3.657105 
-0.415208 
0.786952 
0.786952 
0.680425 
0.680425 
0.764843 
0.764843 
-2.853928 
-1.502074 
5.912718 
-2.510107 
-2.510107 
-2.510107 
-2.510107 
0.349068 
0.349068 
1.439686 
1.439686 
1.439686 
1.439686 
4.493013 
-1.015428 
-1.015428 
3.232099 
0.297344 
1.714045 
1.714045 
-0.131649 
0.737512 
2.609216 
2.609216 
2.761580 
2.761580 
-3.928531 
-3.928531 
-2.762305 
-1.695617 
-0.136676 
4.510334 
5.068807 
-3.764357 
-3.867469 
0.753105 
0.753105 
0.753105 
1.855203 
1.855203 
1.855203 
1.855203 
-1.340077 
-1.479220 
2.175637 
-0.577894 
-1.451624 
-0.043570 
-0.043570 
-0.043570 
-0.043570 
-0.043570 
3.391439 
2.349765 
2.349765 
2.669321 
-0.172474 
3.480689 
3.794797 
0.142443 
0.142443 
2.608944 
1.489250 
-0.698719 
-0.698719 
2.084549 
2.084549 
1.848268 
1.848268 
1.593668 
1.593668 
1.593668 
1.745087 
1.675646 
1.675646 
1.975196 
1.975196 
-0.669303 
1.683299 
1.526997 
1.526997 
0.734649 
0.734649 
0.734649 
0.734649 
0.734649 
0.734649 
0.734649 
1.845417 
1.845417 
1.845417 
1.845417 
1.845417 
-0.146652 
0.532674 
0.532674 
0.532674 
0.532674 
0.532674 
-0.223390 
6.333907 
-2.421035 
-0.992675 
0.281954 
0.281954 
0.281954 
0.281954 
2.031977 
2.031977 
-1.159855 
0.082625 
0.082625 
0.252779 
2.582096 
-1.390024 
0.777348 
0.777348 
0.777348 
2.217771 
2.217771 
2.217771 
-0.242834 
-0.242834 
-0.242834 
-0.242834 
0.863714 
0.863714 
0.753188 
-0.585402 
-0.585402 
3.092248 
0.783698 
0.623557 
0.623557 
-0.352136 
1.133094 
1.133094 
4.560978 
-2.935109 
2.944156 
2.606456 
-0.423828 
2.003589 
0.195703 
-1.742800 
1.444324 
0.040703 
0.040703 
-0.165056 
3.784018 
2.388612 
2.425307 
-1.269352 
-1.269352 
9.176336 
-2.016173 
-0.664700 
-0.664700 
1.747757 
0.708695 
1.916700 
1.916700 
-0.604249 
-0.604249 
0.835082 
1.246738 
1.246738 
1.246738 
2.438710 
-0.347003 
-0.347003 
1.374869 
-0.504703 
2.989308 
2.989308 
-2.087750 
-2.087750 
1.092334 
1.092334 
1.092334 
1.092334 
-0.130975 
-0.683625 
0.660946 
0.059478 
0.059478 
4.343423 
4.343423 
1.268339 
1.268339 
0.533092 
0.533092 
1.421946 
3.828957 
-2.091327 
-2.091327 
-1.685903 
-1.685903 
1.022207 
3.682349 
-1.777031 
-0.235601 
3.862243 
-2.587847 
-1.981430 
1.801725 
1.801725 
1.460934 
3.050946 
1.956478 
1.956478 
1.956478 
0.489497 
0.489497 
3.154770 
3.154770 
-2.504355 
-0.487891 
0.492748 
0.619154 
0.283851 
2.635615 
-0.521883 
-0.089182 
-0.089182 
-0.089182 
-0.388313 
2.969038 
-4.438502 
-4.382299 
4.706201 
0.169273 
3.928018 
-3.281904 
2.047549 
2.047549 
-0.747707 
1.351638 
4.606217 
3.960632 
1.479674 
1.306564 
1.306564 
1.730331 
-1.277289 
-1.277289 
-0.002209 
-0.230485 
-0.230485 
-0.230485 
-0.544181 
2.875711 
1.401144 
1.401144 
2.005375 
1.640303 
-1.217834 
3.779458 
0.991060 
0.991060 
0.993400 
-1.248525 
2.117021 
-1.015798 
3.153662 
0.019633 
-2.004107 
1.744769 
-0.990665 
1.202969 
1.202969 
0.874880 
0.874880 
3.290166 
-0.342172 
-0.342172 
-0.353818 
-0.353818 
0.343763 
0.369035 
0.369035 
0.369035 
3.268283 
1.352109 
-0.092259 
1.773900 
-3.596204 
0.527343 
4.569197 
1.182117 
1.182117 
1.182117 
1.182117 
0.618954 
2.221958 
2.221958 
2.221958 
0.732226 
0.732226 
0.732226 
1.117635 
1.117635 
2.562510 
1.526006 
1.526006 
1.526006 
1.597648 
-0.020809 
-0.020809 
0.871654 
3.173897 
0.115523 
0.115523 
0.283436 
0.283436 
5.754545 
0.521443 
2.925882 
-3.388639 
0.945772 
0.444625 
-0.198180 
2.473363 
2.473363 
2.473363 
2.473363 
-4.020940 
-2.788339 
1.241147 
1.241147 
0.979433 
3.501444 
-0.223456 
-0.223456 
-0.142579 
1.725705 
0.020555 
-1.313048 
9.121476 
-3.065472 
-3.481850 
2.629848 
0.900236 
0.900236 
-0.086929 
-0.086929 
0.969240 
2.752628 
0.536004 
0.536004 
1.139317 
1.830335 
0.629858 
2.135257 
-0.258711 
-0.258711 
5.719105 
3.042068 
-1.280527 
0.827905 
0.827905 
2.451222 
0.277232 
0.277232 
2.891171 
-0.278856 
1.673425 
1.673425 
1.063306 
1.063306 
0.214790 
5.345524 
0.332561 
0.332561 
3.061394 
1.655721 
1.655721 
1.647408 
-2.454475 
-0.936689 
0.179511 
1.983981 
1.983981 
0.206013 
0.206013 
0.206013 
-0.070709 
2.359644 
2.359644 
2.359644 
2.359644 
2.521014 
-0.016073 
0.018486 
0.018486 
0.018486 
-0.551129 
-0.551129 
0.083615 
3.465650 
-0.308477 
-0.308477 
3.973219 
3.155400 
-0.672355 
-1.123639 
5.134859 
-2.117942 
-2.228673 
0.609395 
0.807579 
5.149666 
-4.927010 
1.853678 
0.822902 
0.822902 
0.822902 
1.946981 
-3.313968 
-3.313968 
-3.313968 
-0.784870 
0.083033 
-2.097963 
3.088109 
1.274022 
2.457842 
2.457842 
1.258890 
1.258890 
1.258890 
3.814115 
-0.250426 
2.601019 
2.601019 
-3.385491 
-1.944450 
-0.952356 
0.455317 
1.708860 
1.708860 
1.734724 
1.734724 
1.734724 
-0.361139 
-0.495781 
-0.495781 
2.359146 
0.675991 
-1.134640 
3.244476 
1.438239 
1.438239 
1.438239 
0.865604 
0.865604 
0.865604 
2.770081 
-1.567134 
-1.567134 
4.167296 
-3.556376 
0.533583 
0.533583 
1.819056 
1.819056 
1.819056 
1.819056 
0.538746 
0.538746 
0.538746 
0.538746 
0.538746 
0.538746 
0.538746 
0.538746 
0.538746 
3.618336 
1.076966 
1.869714 
0.737307 
0.737307 
-0.406874 
-0.406874 
-0.406874 
0.958852 
1.060903 
1.060903 
1.060903 
1.060903 
1.060903 
1.225572 
1.225572 
1.182521 
1.182521 
0.411718 
0.411718 
-2.031833 
-2.031833 
-1.431847 
-1.431847 
-0.438901 
-1.493362 
-2.880777 
-0.641135 
2.539849 
-1.323471 
4.320976 
-0.388864 
-0.388864 
0.292579 
1.364864 
2.104505 
2.104505 
2.834000 
3.094458 
0.209332 
1.752119 
1.752119 
-0.704934 
-0.704934 
-0.704934 
-0.704934 
2.295053 
0.357626 
0.357626 
1.035731 
2.093191 
-1.104331 
3.810034 
1.937986 
-0.661830 
0.896311 
2.530723 
1.001544 
2.842914 
1.684608 
-0.485175 
4.713158 
-2.901318 
-0.455006 
-0.455006 
-0.455006 
0.855145 
0.847486 
-0.092613 
-0.092613 
-0.885050 
5.110463 
-1.479835 
-1.479835 
1.433392 
1.433392 
4.459898 
-2.003422 
4.270067 
-0.397201 
-0.397201 
-0.145846 
2.904686 
1.352509 
1.352509 
0.625706 
0.649495 
1.904663 
1.200608 
-0.612141 
-0.612141 
-0.612141 
2.288738 
-0.049859 
0.864565 
-0.531493 
3.361830 
0.192718 
0.779792 
1.257228 
1.257228 
-1.651400 
1.629695 
-0.425562 
-2.010264 
1.666579 
2.636948 
2.636948 
2.636948 
2.065148 
2.474690 
2.474690 
1.684366 
1.684366 
1.684366 
1.684366 
-2.752656 
-1.007524 
2.148167 
0.673512 
-0.594832 
0.911530 
0.911530 
-0.981355 
2.074107 
2.917631 
-1.844304 
-1.844304 
4.199241 
3.344035 
-1.220218 
1.098275 
2.016486 
2.016486 
-0.242528 
3.987167 
1.814365 
-1.583867 
4.502051 
-0.135691 
-0.750609 
-0.050654 
0.533389 
0.944787 
1.193231 
1.193231 
-0.684560 
-0.739254 
-0.739254 
0.133284 
3.935822 
-1.618775 
-1.655376 
-1.655376 
-0.994072 
2.823113 
-0.857731 
-2.334700 
-2.334700 
7.728539 
0.724035 
2.127069 
1.067474 
1.067474 
1.067474 
2.213620 
2.398297 
-0.046512 
-0.046512 
-0.046512 
-0.046512 
3.781002 
-2.142819 
0.094977 
0.094977 
1.640425 
-0.501028 
2.454667 
-2.024078 
-0.106803 
-0.106803 
-0.875765 
-0.875765 
-0.321051 
3.128237 
-1.156018 
-1.156018 
-0.642393 
0.275150 
1.217052 
2.699627 
2.699627 
0.554828 
0.554828 
0.780324 
-0.537614 
5.192997 
-1.444262 
1.250487 
-1.020902 
2.192539 
-0.788603 
-0.788603 
2.570933 
0.367849 
1.374912 
2.862720 
-2.070876 
5.526719 
-0.527309 
-0.527309 
-0.527309 
6.088623 
0.417168 
0.417168 
2.026554 
-1.932895 
1.368140 
-0.498692 
5.117618 
0.688953 
0.688953 
1.023002 
1.023002 
1.271909 
1.271909 
2.899333 
2.899333 
1.133331 
0.888742 
1.291206 
1.291206 
3.661514 
-2.236442 
0.072512 
3.955370 
0.088785 
0.088785 
1.413752 
1.413752 
-0.043151 
4.557773 
-2.053967 
1.672913 
1.672913 
1.672913 
-1.867817 
-1.665326 
-1.665326 
1.395523 
1.395523 
1.395523 
1.395523 
0.789643 
0.789643 
1.242901 
1.242901 
1.250133 
1.250133 
1.250133 
1.872140 
0.970421 
1.991367 
0.234911 
0.234911 
0.234911 
1.606184 
1.606184 
2.418301 
-1.266636 
1.252500 
1.239602 
1.239602 
0.227816 
1.532605 
2.603479 
3.797290 
-2.376840 
-2.818939 
-1.974408 
2.491489 
1.637487 
-0.930368 
0.252814 
1.851670 
1.851670 
1.851670 
1.851670 
1.541627 
-0.774626 
1.850112 
-1.896742 
2.027279 
2.151884 
2.151884 
0.252928 
0.252928 
4.051813 
1.496783 
0.564803 
4.198017 
0.848275 
-0.294071 
4.898091 
0.000579 
0.608467 
0.608467 
1.125057 
4.856663 
4.852094 
-2.278976 
2.828054 
-1.672268 
-1.672268 
-1.672268 
0.348784 
0.348784 
0.348784 
1.200215 
1.200215 
1.553656 
5.639918 
-2.114222 
-2.575172 
4.858420 
-7.673462 
3.693020 
-3.514727 
10.101404 
-1.190837 
1.440374 
2.142696 
0.558122 
-0.288494 
2.362091 
2.362091 
-0.010131 
-0.010131 
-0.010131 
0.433893 
3.981726 
-1.831534 
-1.831534 
3.536874 
-4.957090 
-0.541654 
-0.541654 
-0.541654 
-0.541654 
-0.541654 
3.503736 
-1.188312 
-1.188312 
2.552324 
-1.617798 
1.803487 
-0.828352 
0.024536 
0.024536 
1.682167 
3.062041 
3.062041 
3.062041 
-1.959897 
4.498209 
3.844468 
0.355497 
3.089193 
3.207590 
1.615600 
1.615600 
0.290782 
-0.088563 
1.145307 
-1.123263 
-1.123263 
-0.850628 
2.238363 
2.387409 
2.387409 
2.387409 
2.387409 
2.387409 
-0.901633 
-0.901633 
3.383517 
2.133608 
2.133608 
2.133608 
2.133608 
-3.462270 
-2.203645 
-2.203645 
1.478935 
2.407458 
-1.164528 
2.149899 
4.340254 
-3.135343 
0.566213 
0.566213 
0.566213 
-1.067065 
-0.128898 
0.711074 
0.711074 
3.657010 
-0.611191 
2.487673 
-1.339572 
1.808560 
1.808560 
-1.447969 
1.936711 
1.936711 
0.988959 
0.988959 
1.855380 
-1.578220 
-1.578220 
-2.333802 
-1.878214 
-1.878214 
-1.878214 
0.148633 
2.710343 
1.102269 
-1.097928 
-1.097928 
-1.097928 
-1.097928 
-1.440247 
1.058431 
4.205577 
-0.634613 
-0.634613 
-0.195151 
-0.910532 
0.826793 
0.826793 
0.826793 
1.353024 
2.043370 
2.043370 
0.142134 
0.142134 
0.142134 
-0.394046 
-0.394046 
1.771628 
-2.791940 
5.818755 
1.361414 
1.361414 
-1.155726 
1.079649 
1.079649 
1.206460 
1.949096 
1.949096 
-2.885420 
3.825860 
-2.609068 
-2.609068 
0.977575 
0.977575 
1.202200 
2.824766 
-0.379604 
-0.379604 
1.710983 
1.710983 
3.600078 
0.217498 
4.926591 
-0.917243 
2.384568 
2.384568 
-0.055786 
1.389742 
2.585112 
2.644044 
3.660404 
-2.605864 
-1.540249 
-0.174192 
-0.174192 
2.331021 
-0.168845 
2.239824 
2.239824 
0.614779 
0.681935 
0.681935 
0.064026 
4.574762 
-2.050009 
8.413320 
-0.144301 
-0.144301 
-0.164908 
-0.164908 
-0.164908 
1.186731 
-2.895652 
-1.198136 
0.033588 
1.165431 
3.932742 
0.448470 
1.642520 
1.642520 
1.588293 
0.274349 
0.274349 
0.274349 
0.274349 
-0.937216 
-0.937216 
3.542319 
-0.799722 
-0.799722 
-0.799722 
1.086639 
1.086639 
1.086639 
1.086639 
1.086639 
1.086639 
1.086639 
0.594752 
1.012290 
3.157864 
-2.929495 
1.461124 
1.461124 
1.461124 
1.461124 
-2.070878 
3.346207 
-0.657516 
-0.635838 
1.740552 
1.090841 
1.090841 
-1.004412 
1.993738 
1.993738 
-3.173712 
-3.173712 
2.629272 
0.198725 
-1.017856 
-0.004674 
-0.004674 
-0.004674 
-0.004674 
1.086946 
2.092712 
1.707215 
1.707215 
0.969484 
0.969484 
1.750064 
0.064712 
0.739744 
0.556468 
0.461183 
0.461183 
0.461183 
0.461183 
-0.617542 
-0.617542 
-1.224990 
2.078089 
2.078089 
2.078089 
2.078089 
-0.079171 
1.340523 
2.627293 
-1.545749 
-1.545749 
-0.805711 
-0.805711 
1.411049 
0.800401 
4.603821 
-0.556543 
-1.358125 
5.241745 
-1.044339 
1.187532 
1.187532 
1.187532 
2.277591 
3.919759 
-1.209364 
0.354265 
0.354265 
0.354265 
0.354265 
-0.108111 
-0.108111 
-0.108111 
1.684364 
2.361884 
2.361884 
0.971568 
1.112859 
1.112859 
0.575303 
3.481299 
3.076753 
2.471221 
-1.773834 
0.022294 
3.356141 
-1.231425 
-1.231425 
-0.903298 
-0.903298 
0.258065 
0.015643 
0.015643 
0.015643 
-0.696869 
-0.419124 
1.810488 
0.033564 
0.033564 
0.033564 
0.725800 
0.725800 
0.725800 
0.373354 
0.373354 
6.550073 
-3.742494 
4.136500 
-1.567851 
-1.567851 
3.167068 
-3.549097 
0.275025 
-0.304079 
-0.539126 
-0.319382 
3.808474 
-5.099106 
5.447667 
-2.850300 
2.445532 
-1.943399 
-2.035482 
-0.518975 
2.879556 
-0.434113 
-1.281797 
0.854566 
-0.165153 
2.091427 
0.568223 
0.568223 
0.568223 
-0.866860 
4.120191 
-1.416583 
-1.034316 
7.271081 
0.347768 
0.347768 
0.347768 
3.192211 
0.011406 
0.586374 
2.454992 
0.563832 
0.563832 
1.613433 
1.613433 
1.613433 
1.613433 
1.613433 
1.305998 
1.305998 
1.305998 
-0.851204 
1.932119 
3.774492 
1.280896 
1.280896 
1.280896 
1.280896 
1.280896 
1.280896 
1.280896 
0.930894 
1.559063 
1.559063 
1.559063 
1.559063 
0.744248 
3.704597 
0.415174 
0.415174 
4.556420 
3.237149 
-2.466528 
-1.190513 
2.978776 
1.098431 
-2.297238 
0.925382 
0.925382 
2.112830 
-0.603227 
0.049082 
0.700619 
0.700619 
0.700619 
0.700619 
0.700619 
0.767674 
0.767674 
0.767674 
0.767674 
0.767674 
1.745760 
1.745760 
1.745760 
-1.105322 
2.733824 
0.611571 
3.263615 
1.727871 
1.727871 
1.727871 
0.823036 
0.823036 
4.782906 
-2.394169 
5.539308 
0.368193 
0.368193 
3.337115 
2.916689 
-2.012631 
-1.535647 
2.665688 
2.665688 
1.084456 
1.277810 
1.277810 
1.277810 
1.277810 
1.277810 
1.277810 
1.277810 
1.277810 
1.277810 
1.277810 
1.477050 
1.477050 
1.477050 
1.477050 
1.477050 
2.177520 
0.674352 
0.456964 
0.456964 
2.100328 
-1.472400 
0.434299 
0.434299 
-0.193097 
1.170579 
2.484697 
2.484697 
0.542809 
2.233725 
2.233725 
2.233725 
0.547314 
0.547314 
1.951479 
0.000214 
0.035156 
0.824164 
2.712138 
0.324523 
-1.076015 
-1.076015 
0.131429 
4.737579 
-4.111024 
2.223591 
2.223591 
2.426926 
-0.097403 
-0.097403 
2.409927 
-0.841253 
-0.841253 
0.973380 
3.089630 
2.501031 
2.501031 
-1.921730 
-1.921730 
-1.931071 
3.559953 
1.448469 
0.735717 
1.327260 
1.327260 
1.415314 
1.415314 
1.415314 
1.942219 
0.029435 
5.351190 
-2.065831 
5.712657 
-4.313585 
1.268960 
1.268960 
1.268960 
0.432132 
3.195415 
0.714328 
0.714328 
0.714328 
3.558055 
-2.132171 
0.220259 
-0.203625 
-0.203625 
-0.203625 
5.329037 
-0.513154 
-0.513154 
-0.513154 
-0.513154 
-0.513154 
1.821912 
1.821912 
-0.930667 
0.722703 
0.722703 
2.083954 
2.083954 
2.083954 
2.083954 
2.083954 
2.083954 
-0.228726 
0.722169 
-0.093872 
-0.093872 
-1.326408 
7.722328 
-1.972090 
0.321804 
2.716757 
3.642238 
2.429307 
2.429307 
-1.423243 
5.357682 
-2.936774 
1.331186 
1.331186 
1.331186 
1.331186 
1.331186 
1.049321 
2.204101 
2.077208 
0.350857 
1.758056 
2.586770 
2.586770 
2.586770 
-1.021096 
1.073017 
1.283771 
1.586254 
1.586254 
1.586254 
0.140193 
1.764629 
2.218668 
2.218668 
-1.308222 
0.930488 
0.930488 
1.872108 
3.013599 
3.013599 
2.495047 
0.320687 
0.320687 
0.320687 
2.059930 
2.222159 
2.732890 
2.732890 
-1.580102 
-0.116487 
2.363541 
2.363541 
2.363541 
2.363541 
2.363541 
-1.775792 
-0.614343 
2.014629 
2.014629 
2.014629 
2.014629 
2.014629 
0.287242 
0.287242 
0.287242 
0.287242 
-1.118216 
1.365220 
1.480924 
-0.942406 
5.575211 
-0.058265 
4.919329 
-5.143706 
0.268047 
0.268047 
3.586733 
-3.406662 
-2.229109 
-1.906915 
1.955121 
1.955121 
1.955121 
0.095056 
0.095056 
0.095056 
0.095056 
5.262412 
-2.025321 
-1.142352 
0.959358 
-1.600008 
-1.800410 
0.244085 
0.115460 
0.115460 
0.115460 
0.115460 
0.115460 
0.115460 
1.212440 
0.742148 
3.344493 
-0.652796 
-0.652796 
0.386792 
0.386792 
0.386792 
1.235529 
1.371949 
1.371949 
1.371949 
1.371949 
2.014090 
2.014090 
2.358189 
-1.820108 
-1.820108 
-1.820108 
-1.243134 
-0.634292 
-0.171028 
-0.336965 
1.607705 
1.763315 
1.763315 
1.763315 
1.763315 
1.763315 
1.763315 
1.763315 
-0.279223 
-0.279223 
-0.279223 
3.815860 
-1.555107 
0.939954 
0.072217 
2.570461 
2.570461 
-1.546937 
-1.546937 
-1.546937 
0.676190 
1.416654 
1.416654 
2.627053 
-1.221197 
-0.746954 
3.197696 
0.246026 
-0.125335 
-0.125335 
0.967448 
-0.140500 
0.822002 
0.822002 
0.822002 
0.822002 
0.733516 
0.733516 
2.828126 
-0.154806 
-0.863049 
2.709908 
-2.179024 
4.585820 
-1.348782 
2.717796 
-0.721936 
0.994867 
2.383680 
-2.992459 
5.602205 
-7.702460 
6.224437 
-6.890600 
0.545220 
-0.552918 
3.505798 
-1.997986 
0.650082 
0.650082 
0.650082 
2.860013 
-6.227908 
-0.352361 
-0.352361 
1.047666 
6.509413 
-3.617958 
-1.784011 
5.952507 
1.421999 
1.421999 
1.421999 
3.547795 
1.209318 
-0.824578 
-0.824578 
3.046639 
3.046639 
-2.330993 
0.810387 
0.532194 
2.583277 
0.624220 
0.624220 
0.624220 
0.624220 
0.624220 
-0.420110 
-1.101989 
7.257576 
-0.969397 
2.699938 
-3.038177 
4.180924 
4.180924 
3.635397 
-5.097292 
2.996036 
-0.925675 
-1.431523 
2.570873 
1.360986 
0.957619 
4.674997 
1.202287 
1.133468 
1.302006 
0.527533 
0.527533 
-1.076092 
0.085503 
0.085503 
-0.020023 
0.892696 
-0.614323 
3.708741 
2.307734 
0.112995 
-0.185193 
-0.185193 
1.525559 
1.525559 
-0.510953 
-0.510953 
2.549724 
-1.439092 
-1.926888 
-0.092878 
0.188855 
4.170696 
3.091587 
-2.137310 
-2.137310 
2.451596 
2.451596 
-1.378591 
2.146752 
-0.674421 
-0.674421 
-0.674421 
-0.674421 
0.311309 
0.311309 
0.311309 
0.909559 
2.816386 
-2.656005 
0.768151 
1.190632 
1.190632 
0.402736 
0.402736 
0.600516 
2.811925 
-1.850179 
2.827965 
-1.935994 
-1.935994 
3.959166 
3.727729 
-0.517148 
1.609539 
4.619534 
4.619534 
-4.218480 
-0.291449 
-0.283048 
2.617319 
2.716857 
0.578464 
0.578464 
0.578464 
-2.337883 
2.380002 
3.962015 
2.847369 
-0.270474 
4.042127 
2.104565 
-0.930408 
3.815440 
1.635398 
3.337565 
-1.297010 
0.669530 
-1.882614 
2.338725 
-2.760137 
-1.127180 
0.932389 
2.088551 
2.088551 
2.812734 
2.812734 
0.563516 
0.563516 
0.215409 
-0.004842 
-0.004842 
-0.870972 
-1.531242 
3.631910 
-0.187046 
1.366532 
1.366532 
1.511435 
0.285953 
0.285953 
0.040701 
0.500488 
1.413816 
1.413816 
-0.040071 
-0.040071 
-1.240273 
-1.240273 
0.488654 
1.262669 
1.709028 
1.709028 
1.050202 
1.050202 
1.050202 
2.294587 
-1.767402 
3.663751 
0.787436 
0.071490 
-0.436861 
-0.436861 
-0.173628 
-0.173628 
-0.779761 
-0.779761 
-1.350875 
-1.407862 
-1.407862 
6.398112 
3.870897 
-1.517304 
0.938510 
-2.967915 
-1.318933 
-1.318933 
2.193844 
2.193844 
0.889778 
2.368925 
-0.708088 
-0.708088 
-0.708088 
-0.856613 
-0.759071 
-1.115196 
-0.819105 
5.115114 
-4.129361 
1.023190 
2.490776 
3.105910 
2.712510 
2.712510 
-0.385033 
3.002826 
-0.589487 
-0.589487 
2.134716 
0.642066 
3.153208 
3.153208 
-1.803694 
1.387773 
1.387773 
1.387773 
1.387773 
3.923802 
-0.800376 
4.849035 
1.613325 
-0.910939 
1.499730 
1.499730 
1.241281 
1.575601 
1.271523 
1.271523 
1.271523 
1.271523 
0.150989 
0.898324 
0.898324 
0.898324 
0.898324 
0.898324 
0.187521 
0.187521 
3.444415 
0.177882 
1.064634 
1.064634 
1.335734 
1.335734 
1.335734 
1.335734 
1.016731 
0.508066 
2.362235 
2.362235 
-0.082141 
-0.868802 
-0.868802 
-1.642818 
10.242253 
1.370863 
-0.402896 
0.074962 
1.043598 
1.043598 
0.393200 
2.327512 
-0.008187 
-0.008187 
-0.008187 
-0.008187 
-0.008187 
-0.008187 
4.981454 
-3.192700 
-2.204097 
4.101926 
-1.586726 
-1.586726 
1.613812 
1.613812 
3.011556 
0.272863 
0.272863 
4.463318 
2.486715 
2.486715 
2.486715 
1.282378 
0.773277 
0.773277 
0.371333 
0.371333 
-1.762156 
2.223786 
-1.504664 
0.363377 
0.363377 
0.998514 
2.352903 
2.352903 
2.440414 
3.497007 
-2.130671 
-0.717244 
2.811497 
-2.562000 
2.929124 
0.012565 
0.012565 
1.577786 
1.577786 
0.602376 
2.414994 
2.425620 
2.425620 
2.425620 
-1.931755 
-1.931755 
5.682075 
-9.664043 
1.633741 
1.633741 
1.633741 
0.574262 
1.721580 
1.721580 
-0.056174 
1.647202 
1.647202 
1.647202 
1.325954 
1.193704 
1.193704 
1.193704 
1.193704 
2.716964 
3.079222 
1.291114 
1.291114 
1.228911 
1.228911 
1.228911 
5.175505 
-6.087381 
2.989528 
2.989528 
0.990268 
1.962309 
1.962309 
1.962309 
0.300903 
-0.838016 
8.303756 
-1.488120 
-1.488120 
-0.628705 
0.617959 
0.617959 
0.617959 
0.617959 
2.124850 
0.007107 
0.007107 
0.067874 
0.067874 
0.067874 
0.942072 
0.942072 
1.535108 
0.962788 
0.962788 
-0.178466 
-0.178466 
-0.178466 
0.187708 
-0.587807 
2.962088 
2.704423 
2.704423 
2.704423 
1.275446 
-0.368427 
-0.368427 
-0.368427 
-0.368427 
-0.368427 
1.476251 
1.476251 
1.736759 
1.736759 
-0.503227 
-0.503227 
0.476072 
0.476072 
1.259791 
1.259791 
-0.806340 
-0.806340 
-0.806340 
-0.806340 
-0.806340 
0.683129 
0.683129 
-1.032949 
-0.786745 
-0.786745 
-0.786745 
7.417306 
-8.997801 
-0.982250 
4.557244 
0.362336 
1.399879 
-0.140878 
-0.140878 
-0.140878 
1.410474 
-1.478230 
-1.680580 
-1.680580 
2.782193 
2.782193 
2.782193 
-1.035179 
2.477852 
2.477852 
2.878355 
2.878355 
-0.715365 
-0.715365 
3.511771 
3.511771 
-4.400304 
3.535611 
-1.644622 
-0.684596 
-0.684596 
5.051878 
-0.536889 
-0.140367 
2.448154 
1.538228 
1.776490 
1.776490 
1.628228 
1.628228 
3.707552 
-3.735236 
1.375068 
1.375068 
1.827312 
-1.060184 
-1.060184 
2.292388 
3.467598 
-2.547023 
-1.766056 
1.946333 
1.946333 
2.524884 
1.762296 
-0.516484 
-1.319544 
1.136069 
1.136069 
3.937680 
2.940552 
2.940552 
2.309652 
-2.176374 
-1.575097 
-1.575097 
-3.530849 
0.863813 
0.072612 
2.329439 
-3.845024 
6.094802 
-4.670653 
5.069199 
3.513670 
-1.342236 
-1.117910 
-1.674911 
-0.653163 
-0.784640 
3.648402 
0.498875 
0.498875 
0.783991 
1.066129 
3.015598 
-2.677887 
3.268971 
-2.718480 
-0.855151 
-0.516438 
-0.516438 
-1.030879 
-1.030879 
0.253794 
4.081031 
-5.593858 
6.510462 
-3.678962 
-1.092424 
-1.092424 
5.235644 
1.225367 
1.225367 
-0.000509 
-0.000509 
2.205937 
-3.198700 
-0.725449 
0.914898 
0.914898 
0.914898 
0.914898 
0.914898 
2.502733 
2.502733 
-0.648842 
-0.648842 
-2.703466 
1.442695 
0.871719 
0.871719 
1.699434 
2.287225 
2.128149 
2.959436 
-1.620986 
0.107105 
1.020495 
1.020495 
1.020495 
1.020495 
1.644542 
1.176757 
1.176757 
1.176757 
1.176757 
1.176757 
1.176757 
4.913240 
-2.970158 
-0.445413 
0.079495 
1.242429 
-0.793688 
3.123976 
1.874806 
-1.051567 
2.297743 
2.297743 
1.675685 
4.848530 
-1.457078 
-2.282247 
0.649470 
0.649470 
0.649470 
0.794769 
0.794769 
3.441174 
-1.203551 
3.446074 
-4.555735 
7.808282 
2.956417 
0.719117 
3.379856 
-3.553771 
1.170231 
2.858998 
0.257723 
0.257723 
3.919866 
0.243360 
0.243360 
1.286421 
1.286421 
3.540029 
1.493162 
2.223530 
1.110257 
1.110257 
1.110257 
-0.033558 
-1.996201 
-1.272428 
3.158771 
3.158771 
0.127314 
0.127314 
0.754753 
1.707836 
1.707836 
1.707836 
1.707836 
1.707836 
1.707836 
1.707836 
1.707836 
0.762598 
0.762598 
0.762598 
0.025132 
-0.004182 
-0.004182 
0.394733 
0.394733 
0.394733 
0.394733 
2.933186 
-2.440927 
1.521128 
1.521128 
0.457736 
1.021953 
0.892818 
0.892818 
-1.450586 
1.840426 
1.840426 
0.606370 
1.395077 
0.774679 
3.307810 
-0.355400 
-0.355400 
-0.114975 
1.294348 
-1.167234 
-1.167234 
3.261634 
-5.512413 
-4.925488 
-1.356623 
-1.312035 
4.863230 
-4.443116 
0.661899 
0.661899 
3.744545 
2.981586 
-2.110545 
-1.991448 
4.641095 
2.718036 
2.718036 
2.718036 
0.670908 
0.670908 
4.089966 
-0.323593 
0.534443 
2.117625 
-0.124547 
-0.124547 
-0.124547 
1.855664 
2.090300 
2.090300 
2.090300 
2.090300 
2.090300 
1.664637 
1.664637 
1.664637 
3.605027 
2.688462 
2.688462 
0.811880 
2.635389 
-3.294057 
5.355294 
-3.047966 
-2.216319 
-1.060669 
-1.060669 
-0.066015 
1.389473 
1.389473 
1.389473 
1.389473 
-0.448490 
-0.448490 
-0.448490 
0.097574 
0.097574 
-2.074903 
3.016392 
-0.900247 
-0.900247 
3.294634 
-0.212156 
-0.212156 
0.842359 
1.988571 
-3.177555 
-0.164836 
0.717406 
1.061057 
1.061057 
1.061057 
1.012509 
1.012509 
2.843533 
-0.882642 
3.789956 
-2.639458 
1.573045 
0.413758 
0.362785 
-1.323194 
1.525896 
1.525896 
1.525896 
2.425106 
1.422025 
0.700993 
0.700993 
0.700993 
0.700993 
0.700993 
0.822826 
-1.386102 
-1.240493 
-1.127638 
3.777102 
2.191636 
2.191636 
2.191636 
-1.428475 
2.252238 
-0.268382 
-0.301897 
1.121933 
0.007627 
1.296942 
2.956697 
2.956697 
0.130576 
3.968418 
-4.104236 
1.215322 
1.215322 
4.646628 
1.579184 
1.579184 
1.579184 
1.579184 
1.011539 
1.011539 
-0.620864 
-0.733354 
1.081647 
1.081647 
1.646947 
0.318108 
-0.664508 
4.419434 
-3.748023 
4.617681 
-2.690981 
1.832421 
1.780572 
-0.191795 
-0.191795 
2.788773 
0.275431 
0.275431 
0.275431 
0.275431 
0.275431 
2.817291 
0.595873 
4.897108 
2.477066 
0.957668 
3.147236 
-2.940895 
-0.335928 
1.598446 
-0.818810 
-0.927298 
6.491625 
-0.239048 
-0.239048 
0.433056 
1.604675 
0.964956 
0.964956 
0.964956 
2.163153 
3.182522 
0.861011 
4.761572 
-2.194515 
0.272284 
5.229089 
-5.701441 
4.704699 
1.004626 
1.299115 
0.493924 
1.946462 
-0.833295 
1.222161 
1.222161 
1.222161 
1.222161 
1.222161 
2.207424 
2.207424 
-0.980042 
0.185884 
0.064270 
0.655945 
4.257695 
1.971245 
4.710959 
3.315742 
1.344791 
-0.413208 
2.987606 
2.987606 
3.319813 
3.319813 
-3.033411 
-3.033411 
-2.535142 
-2.535142 
1.845552 
1.758155 
1.758155 
-0.834320 
4.122112 
0.056326 
0.056326 
-0.021637 
4.467897 
-2.295706 
-3.198142 
-1.213960 
-1.213960 
2.364564 
2.364564 
-0.261947 
-0.737789 
1.289638 
-1.077461 
-1.077461 
1.158017 
2.753712 
-3.737243 
0.546680 
0.190043 
-0.117190 
0.397260 
3.425518 
3.417826 
-2.528470 
-2.528470 
0.000540 
1.738083 
1.738083 
2.567996 
2.567996 
2.567996 
2.567996 
-0.939772 
-0.939772 
5.699227 
-1.493069 
-0.327631 
-0.521896 
2.749687 
2.749687 
3.400955 
-1.763382 
-3.616194 
-0.111686 
6.264518 
0.490712 
4.387661 
0.452447 
0.452447 
1.981054 
0.281303 
-0.965480 
-0.965480 
-0.965480 
-0.965480 
5.589903 
-2.931582 
-1.246992 
4.055236 
2.024797 
2.423292 
0.525606 
0.525606 
0.525606 
4.155907 
0.793678 
0.939272 
3.109814 
-1.184765 
-1.248009 
-1.248009 
1.771009 
2.511407 
-0.228526 
3.113477 
-4.875987 
1.678189 
1.678189 
-2.357718 
1.210608 
2.737955 
1.567786 
1.567786 
1.567786 
1.633636 
1.633636 
1.633636 
1.633636 
1.633636 
1.633636 
3.179022 
0.065205 
3.679128 
-1.625934 
-1.625934 
-1.625934 
-1.625934 
-1.625934 
5.870174 
0.669119 
2.886602 
-0.864865 
4.510376 
-0.874558 
1.782845 
1.782845 
0.383465 
3.523619 
-3.027812 
-1.089591 
-1.089591 
2.585956 
-0.814960 
0.286753 
-0.821380 
-0.821380 
5.718748 
-1.475278 
-1.475278 
0.901948 
0.901948 
0.901948 
0.901948 
-0.059255 
-0.155769 
0.592032 
0.592032 
1.789049 
2.805146 
2.805146 
1.035021 
1.035021 
1.352277 
4.264536 
-3.861983 
3.269511 
1.918333 
1.778619 
-0.821686 
-0.821686 
1.920234 
-2.512487 
0.899219 
1.938026 
-1.459835 
-0.405809 
-0.405809 
-0.405809 
-0.405809 
0.307941 
0.307941 
0.307941 
4.986881 
-2.613034 
3.114652 
1.092579 
1.092579 
1.092579 
-0.825659 
-0.742465 
0.018590 
0.018590 
3.962051 
-3.242282 
7.717477 
2.176388 
-1.005403 
0.318437 
2.846024 
-2.540287 
3.540737 
3.540737 
3.540737 
-1.492632 
-1.492632 
-0.328270 
-0.526711 
1.945676 
1.945676 
1.945676 
0.232173 
0.232173 
-0.459686 
5.303086 
-2.895140 
-2.750366 
3.177204 
0.509959 
0.509959 
0.509959 
0.757914 
0.757914 
0.757914 
0.757914 
0.757914 
1.071233 
1.071233 
1.071233 
0.797416 
0.797416 
1.845083 
-0.252913 
0.575569 
0.575569 
0.575569 
0.575569 
1.244085 
1.244085 
1.857691 
1.857691 
-0.433431 
-0.433431 
-0.535496 
-0.535496 
-0.535496 
-0.535496 
-0.535496 
-0.535496 
1.068000 
3.538930 
2.319568 
-0.035090 
2.568137 
2.568137 
2.568137 
2.568137 
-0.652091 
0.872119 
1.685557 
1.202955 
2.758406 
0.366032 
0.158358 
0.158358 
0.158358 
1.367575 
0.611969 
0.611969 
0.611969 
0.126336 
0.126336 
0.126336 
0.269296 
0.269296 
1.296295 
1.296295 
1.296295 
4.217145 
0.942657 
0.942657 
3.734043 
2.071954 
3.540030 
3.764863 
4.170023 
1.485015 
1.485015 
-0.789066 
0.239829 
3.654130 
3.654130 
2.180886 
-2.081917 
-2.404587 
1.151398 
-1.059354 
-1.059354 
-1.059354 
-1.059354 
-1.059354 
-1.487175 
3.813700 
-5.777649 
2.905762 
-0.884848 
-0.884848 
2.940291 
-1.194309 
1.581936 
0.991838 
0.786944 
0.786944 
0.786944 
0.786944 
1.700613 
1.294869 
1.294869 
0.610318 
0.610318 
4.628900 
1.424326 
-2.693627 
2.980249 
-2.216162 
5.778766 
4.640102 
2.822341 
-1.984046 
1.019949 
1.019949 
-0.932606 
-0.323065 
-0.323065 
-0.323065 
-0.323065 
-0.323065 
-0.323065 
-0.323065 
0.509544 
1.008678 
0.191552 
2.822510 
1.830467 
-0.241523 
1.205336 
1.205336 
1.205336 
1.205336 
1.205336 
-0.059343 
1.757476 
-0.698199 
3.198671 
-2.479558 
0.755673 
0.755673 
0.755673 
-0.678801 
-0.678801 
-0.678801 
1.404879 
1.505313 
1.505313 
1.505313 
1.505313 
1.905375 
1.905375 
-1.255872 
0.409771 
1.285792 
0.791389 
1.193762 
1.193762 
0.288403 
0.288403 
4.652441 
4.652441 
-0.839747 
-0.993447 
3.086891 
-1.238362 
3.237619 
-1.645714 
1.804327 
1.804327 
1.804327 
1.804327 
-2.451034 
0.553378 
0.553378 
1.494095 
-0.337803 
1.164203 
1.164203 
1.164203 
1.673511 
1.673511 
-1.961659 
-1.995629 
0.181565 
-2.011890 
3.432709 
3.432709 
0.147928 
4.458879 
0.674279 
0.674279 
2.073258 
0.798364 
2.126518 
2.126518 
1.017868 
2.370369 
-0.903582 
5.973880 
3.194750 
3.194750 
-2.477945 
0.081581 
1.087806 
-1.465325 
0.638403 
0.638403 
0.638403 
0.250572 
0.096139 
2.751631 
-0.564098 
3.029263 
3.029263 
0.329492 
0.607206 
0.607206 
0.963121 
0.900166 
3.865109 
-3.138924 
1.951783 
1.951783 
1.869860 
1.869860 
-1.162264 
-1.162264 
-1.162264 
1.951024 
-0.101566 
0.128584 
-1.867045 
4.652682 
0.335535 
3.056615 
3.056615 
-1.588631 
0.390230 
0.803080 
-0.815135 
-1.136140 
-1.136140 
6.597873 
1.755949 
1.755949 
1.755949 
2.520262 
-0.673669 
1.205396 
1.205396 
2.041398 
1.122240 
-0.714173 
4.669504 
-0.917772 
-0.917772 
1.183895 
2.416457 
2.114470 
2.114470 
1.014495 
0.455530 
0.455530 
-0.836565 
-0.123029 
2.508613 
0.013062 
5.135799 
-1.969429 
0.900067 
0.900067 
0.900067 
0.900067 
0.900067 
-0.381131 
1.022006 
1.022006 
-0.860871 
-0.576842 
2.771100 
2.771100 
2.771100 
3.685982 
1.749613 
-0.661748 
-0.661748 
-0.045244 
-0.045244 
-0.045244 
-0.045244 
1.983598 
1.983598 
-1.396673 
1.757411 
1.757411 
1.757411 
0.924734 
1.134495 
1.134495 
1.134495 
1.134495 
1.134495 
1.134495 
-1.934726 
3.655563 
0.885617 
0.951329 
2.334618 
0.688085 
1.616160 
1.616160 
1.616160 
1.616160 
1.616160 
1.616160 
1.616160 
1.616160 
0.428579 
0.428579 
-0.327389 
2.419111 
0.938830 
-1.746741 
1.251796 
2.495683 
1.358020 
1.358020 
1.358020 
1.358020 
0.437992 
0.437992 
-1.764061 
-1.485602 
1.100459 
1.100459 
3.265534 
-0.579478 
-0.579478 
-0.614594 
-0.614594 
-0.614594 
2.052520 
0.905173 
3.421600 
-1.581771 
-1.581771 
0.276951 
-3.239225 
-1.001319 
-1.001319 
1.248530 
1.248530 
1.248530 
1.248530 
1.596652 
1.875303 
0.811170 
0.468448 
0.320670 
2.834536 
0.978029 
1.763677 
0.093329 
0.129617 
0.129617 
1.819581 
-0.074259 
1.013006 
1.013006 
2.972073 
2.972073 
-1.678911 
1.287857 
1.287857 
-0.043541 
4.601558 
-4.056028 
-0.540902 
1.314823 
1.314823 
1.314823 
1.314823 
1.264416 
1.264416 
1.264416 
1.264416 
1.264416 
1.264416 
1.264416 
1.264416 
-2.380359 
-1.301507 
2.236851 
2.236851 
-0.277480 
1.696718 
-2.519043 
-2.519043 
-2.519043 
-2.519043 
5.013380 
-1.883638 
2.052289 
-0.056748 
-0.056748 
-0.056748 
-0.056748 
-0.109158 
1.472707 
3.439928 
-1.741151 
1.510302 
0.510818 
0.510818 
-1.154307 
0.963317 
0.963317 
0.963317 
3.321928 
3.321928 
-3.354049 
0.744282 
1.165149 
1.165149 
1.165149 
1.165149 
2.827144 
-3.354757 
3.050262 
6.064568 
-1.014759 
2.765048 
2.765048 
2.765048 
4.236925 
-4.279731 
0.204292 
0.204292 
2.150230 
-2.963189 
-1.651543 
-1.525931 
2.707743 
2.707743 
1.054511 
0.865787 
3.229079 
-3.195011 
0.329183 
2.191496 
-0.271131 
-0.270772 
-0.270772 
-0.904811 
5.768882 
0.587755 
0.587755 
0.587755 
1.657534 
1.175801 
0.181963 
0.631407 
5.091001 
-1.687535 
-0.746880 
2.445424 
2.596494 
-2.845320 
0.941809 
-0.153033 
-0.153033 
-0.153033 
-0.153033 
-0.153033 
-0.662518 
1.542448 
-0.880767 
1.505240 
1.505240 
1.505240 
1.505240 
0.538451 
-0.370235 
1.834206 
-1.040293 
4.056546 
-2.643659 
3.591858 
-3.804394 
-3.804394 
-3.926255 
2.965993 
-3.711533 
-1.972028 
-1.972028 
2.110448 
2.110448 
2.110448 
1.072581 
1.279684 
1.279684 
1.279684 
1.279684 
1.279684 
1.709058 
2.047838 
2.047838 
2.047838 
2.047838 
2.047838 
2.218241 
3.088065 
3.236681 
-2.495374 
6.668435 
-4.194578 
-0.080035 
-0.080035 
0.972992 
0.601806 
2.094704 
2.094704 
0.063274 
2.443812 
-1.683121 
6.671559 
-0.711868 
-0.711868 
4.182110 
-2.098888 
0.632417 
4.831336 
1.571985 
0.566484 
1.464876 
-1.356038 
-0.400651 
-0.452119 
2.043843 
2.043843 
2.043843 
0.814874 
0.814874 
2.118417 
2.186862 
-0.063943 
-0.063943 
-0.063943 
4.278854 
4.043487 
0.204645 
0.131484 
2.444027 
2.444027 
-2.618583 
0.894039 
1.380604 
2.372950 
2.855196 
-0.171305 
-0.171305 
-0.880804 
-0.110633 
0.307917 
1.231126 
1.231126 
-0.427557 
-0.427557 
1.322722 
3.005491 
0.513012 
1.150528 
-0.425777 
0.789423 
0.193765 
0.356492 
0.947942 
0.947942 
0.947942 
0.947942 
0.947942 
0.947942 
4.191883 
-3.850140 
0.319351 
0.319351 
0.319351 
-1.305899 
2.779163 
-2.243050 
-0.490483 
-0.490483 
3.056966 
-1.539811 
-1.539811 
2.722586 
-1.747154 
-1.747154 
-1.747154 
0.455455 
0.455455 
-0.225776 
0.909892 
4.876640 
0.279828 
1.418342 
2.082522 
2.082522 
3.056697 
1.415758 
0.607264 
6.351682 
-4.564201 
5.154443 
-0.568115 
-0.568115 
1.873632 
1.873632 
1.873632 
1.868084 
4.253514 
-3.745650 
-0.938376 
-1.638308 
5.079471 
0.851428 
2.432661 
-0.804817 
-2.020371 
2.136623 
0.821578 
0.821578 
4.385406 
-3.452275 
3.096129 
-1.019765 
2.646014 
0.124325 
0.124325 
0.124325 
3.057336 
3.057336 
-3.562015 
2.532154 
2.532154 
1.340536 
1.340536 
3.915551 
3.556275 
-0.506135 
-0.422653 
0.384990 
-0.003218 
3.667722 
3.397649 
-2.317468 
1.248881 
1.248881 
1.248881 
-1.919182 
-1.919182 
-1.919182 
-1.919182 
-1.919182 
1.221795 
0.671459 
-0.461815 
0.372780 
-0.258829 
-0.258829 
0.086172 
0.086172 
-0.147452 
0.609745 
-0.259082 
0.421902 
-1.845328 
0.086869 
1.499352 
1.499352 
1.499352 
1.302740 
0.361385 
2.728376 
1.863024 
-0.773342 
1.299894 
-4.104083 
-3.556124 
4.675455 
-6.316182 
3.446440 
3.446440 
1.626778 
1.626778 
1.237921 
0.776639 
0.613628 
-2.182292 
7.048335 
-2.726788 
-0.626409 
-0.626409 
-0.626409 
-0.626409 
4.144769 
-0.866537 
5.557620 
-4.553338 
1.065734 
-0.219051 
1.254169 
1.090897 
3.091658 
-3.188244 
-1.241758 
-1.490920 
-0.090674 
-0.090674 
0.682418 
0.682418 
-1.558344 
-1.558344 
3.475779 
-0.159531 
0.833459 
2.963126 
-3.123087 
-3.123087 
2.115789 
2.398416 
2.398416 
2.398416 
2.398416 
-2.030724 
-2.232112 
-0.442688 
4.936127 
-3.829998 
4.065445 
-3.969962 
1.660942 
2.654332 
-1.027969 
2.910768 
-1.066893 
5.594366 
-0.881453 
2.275942 
0.725145 
0.198205 
4.965133 
-1.271876 
-1.271876 
-1.271876 
-0.526414 
4.053058 
-3.375948 
-0.247105 
-0.247105 
4.072145 
2.366988 
0.584014 
-1.635779 
-0.734595 
-0.734595 
-0.263563 
2.433359 
-0.506410 
6.222489 
1.389898 
1.025710 
-2.120098 
1.574005 
2.019997 
-3.000457 
-1.526589 
-1.526589 
0.918801 
0.918801 
-0.539847 
-0.539847 
-0.741147 
1.330675 
1.330675 
1.330675 
1.330675 
1.330675 
3.072629 
0.398178 
3.785444 
-0.907360 
-0.055232 
3.545086 
0.156838 
0.156838 
0.979248 
0.979248 
0.979248 
0.979248 
0.979248 
3.026391 
-0.835362 
-0.835362 
-0.835362 
-0.482752 
3.762721 
-3.393007 
3.482522 
0.989966 
0.989966 
0.989966 
0.989966 
1.127379 
-1.575790 
0.901442 
0.901442 
0.901442 
3.806866 
3.806866 
-2.671887 
-2.671887 
0.918202 
3.498283 
1.446870 
0.873611 
0.873611 
-0.128613 
6.944848 
-0.506958 
-0.850453 
1.093911 
1.093911 
0.681065 
0.681065 
0.681065 
0.670098 
0.670098 
1.325134 
-0.574800 
-0.574800 
4.372912 
3.186844 
4.722029 
0.892701 
-1.196671 
-1.196671 
0.853062 
0.853062 
0.853062 
0.853062 
0.805369 
0.409754 
0.409754 
-2.645793 
2.812962 
0.428807 
0.428807 
3.031488 
-1.787277 
3.595967 
0.561996 
1.818198 
-0.334419 
0.716334 
2.857876 
-1.136309 
-1.481229 
1.500175 
3.244620 
3.244620 
0.982836 
1.428079 
3.477574 
-0.300610 
-0.337019 
1.516493 
0.412438 
0.412438 
2.428587 
-2.207730 
2.308483 
-1.186883 
0.138380 
0.138380 
0.138380 
0.138380 
3.828574 
-1.424710 
0.901305 
0.901305 
0.901305 
5.144348 
0.573542 
1.085305 
-1.140151 
-1.260549 
-1.260549 
1.871385 
1.871385 
1.871385 
2.766411 
2.766411 
-0.495741 
0.868508 
0.868508 
0.868508 
0.868508 
3.462520 
2.455765 
1.165902 
1.537105 
-1.810390 
4.693680 
0.054117 
3.861498 
1.631019 
-0.623748 
0.036574 
1.464451 
1.464451 
1.464451 
1.464451 
1.464451 
1.464451 
1.464451 
1.464451 
0.899214 
0.899214 
2.428111 
1.180452 
1.180452 
1.180452 
1.412556 
-0.720454 
-0.971214 
-0.987142 
3.691258 
3.622884 
-2.801139 
1.156099 
1.156099 
0.305407 
0.305407 
2.906662 
1.895801 
1.895801 
1.895801 
1.895801 
1.895801 
-0.876372 
3.531585 
-0.996266 
-0.098051 
3.682861 
0.303753 
0.303753 
2.234148 
2.234148 
2.234148 
2.234148 
2.234148 
2.234148 
2.234148 
2.234148 
1.209815 
3.239243 
-1.304391 
0.661195 
4.660086 
1.429312 
-1.206371 
2.888379 
1.917899 
-1.032181 
1.776876 
1.776876 
1.776876 
0.335529 
2.876280 
2.876280 
1.688361 
0.293810 
1.591921 
1.591921 
0.739871 
0.739871 
4.327486 
-5.610006 
-5.624190 
3.043875 
-2.619641 
-2.123954 
0.188564 
0.188564 
0.188564 
1.766641 
1.766641 
1.766641 
-0.336962 
-0.999970 
-0.426219 
-0.426219 
1.053264 
1.053264 
0.817098 
0.817098 
1.130311 
-0.548108 
4.665181 
1.571887 
1.571887 
1.571887 
1.571887 
1.571887 
1.571887 
1.571887 
1.627896 
0.037898 
0.037898 
0.037898 
1.015977 
1.015977 
2.785443 
-1.945428 
-1.596417 
0.147464 
2.931813 
3.152530 
-1.354800 
1.516788 
4.246634 
-0.999527 
0.941487 
-2.368811 
5.379813 
-0.487347 
1.997813 
1.997813 
-0.910988 
0.783553 
2.898487 
3.600027 
-4.146383 
2.297341 
-2.087345 
-1.029270 
1.162552 
1.162552 
1.698139 
-3.041298 
6.121140 
0.368883 
3.414740 
3.414740 
3.414740 
-1.525234 
6.539731 
-0.931595 
0.442658 
3.761714 
0.205276 
2.577912 
-0.132300 
-0.132300 
-0.132300 
0.094799 
0.094799 
0.271347 
1.752066 
1.752066 
1.405502 
1.405502 
-0.837807 
-0.085026 
-0.085026 
5.293838 
2.292265 
2.292265 
-1.410520 
-1.343825 
-1.343825 
2.840865 
1.563625 
1.595117 
0.735825 
0.735825 
3.428779 
2.985174 
0.072899 
0.759076 
0.759076 
0.759076 
-1.747883 
1.899972 
1.899972 
1.899972 
1.899972 
1.899972 
1.899972 
2.201860 
3.002683 
0.552418 
2.203050 
2.203050 
2.203050 
-0.125055 
-0.125055 
-0.125055 
-0.125055 
3.179909 
3.179909 
-1.927982 
2.808605 
2.808605 
2.664673 
2.396652 
2.396652 
2.396652 
-1.469768 
2.609976 
2.609976 
-0.887567 
-1.584569 
0.307303 
2.299959 
0.148946 
1.707778 
-0.397330 
-0.397330 
0.124249 
1.938488 
1.938488 
-0.843125 
-0.230288 
1.265641 
1.265641 
1.314168 
1.314168 
1.068276 
1.068276 
1.068276 
0.248349 
0.248349 
-0.239540 
-0.239540 
4.400033 
-0.212978 
2.868101 
2.753178 
1.185543 
1.185543 
1.185543 
-0.272602 
-0.272602 
-0.272602 
2.765877 
2.765877 
2.363424 
2.363424 
-0.141475 
0.871615 
0.871615 
2.597864 
-1.503581 
-1.503581 
-0.282604 
-0.282604 
-0.405623 
-0.405623 
-0.802318 
0.923978 
0.923978 
-1.561926 
-1.519975 
3.449260 
-1.834983 
1.033401 
0.055390 
0.055390 
2.029144 
2.029144 
0.009755 
0.362484 
3.978025 
-3.047292 
1.543400 
1.543400 
1.543400 
-0.981759 
-0.982772 
1.720837 
2.959971 
-2.352459 
4.612920 
-0.035174 
1.467295 
1.467295 
-0.006006 
-0.006006 
0.387545 
0.956339 
4.547411 
-4.396723 
3.924009 
-2.532542 
2.170230 
0.320110 
-0.510262 
-0.510262 
4.030746 
4.030746 
3.537896 
-0.247196 
3.884769 
-1.155424 
-1.155424 
2.660773 
-2.531786 
0.315904 
-0.027178 
-0.027178 
-0.027178 
3.574051 
1.258520 
0.880257 
0.880257 
-0.195740 
-0.873402 
-1.548701 
0.351243 
0.716669 
1.870607 
1.870607 
4.025009 
-2.710643 
1.213557 
1.213557 
2.158163 
2.158163 
2.158163 
-0.128099 
2.202852 
-1.395520 
0.105472 
1.512123 
3.770127 
2.115516 
2.115516 
0.864279 
2.711176 
2.711176 
0.560328 
0.560328 
0.560328 
-2.009824 
-2.591621 
-2.925129 
3.836631 
0.775119 
0.485025 
0.485025 
0.485025 
1.231733 
1.231733 
1.231733 
1.231733 
1.231733 
1.231733 
0.167919 
0.167919 
0.167919 
6.446780 
-0.623648 
-0.623648 
1.957910 
4.684054 
0.293636 
0.293636 
-0.083998 
-0.083998 
1.483024 
1.483024 
1.483024 
3.534967 
-2.942144 
-1.587547 
3.942287 
-1.106405 
-1.314509 
6.817542 
0.296574 
-0.800988 
-0.800988 
0.766396 
2.626866 
0.368917 
1.152562 
1.280391 
1.280391 
0.224560 
0.224560 
0.105624 
4.065628 
-2.344896 
-2.344896 
3.012165 
4.571516 
-1.405762 
0.012662 
0.012662 
0.012662 
0.012662 
3.845251 
-3.971814 
2.891102 
0.220328 
1.565507 
1.565507 
1.565507 
-0.814286 
0.287446 
3.394144 
-2.375831 
1.831453 
-0.271485 
-0.271485 
1.478370 
1.478370 
1.357805 
1.357805 
1.357805 
2.288067 
2.288067 
2.288067 
2.288067 
-1.849994 
0.127930 
0.127930 
0.127930 
2.538959 
0.582446 
-0.639107 
-0.639107 
-0.310752 
5.521541 
-0.376692 
-0.376692 
5.146466 
4.454279 
-2.493870 
-3.389097 
-3.439019 
0.918885 
-1.140333 
1.152049 
1.152049 
1.152049 
1.152049 
1.152049 
1.152049 
1.152049 
1.152049 
1.152049 
-1.518810 
2.226963 
2.740369 
2.740369 
1.974084 
-0.717676 
-0.717676 
-0.344478 
1.197814 
1.197814 
1.197814 
1.197814 
1.197814 
1.197814 
1.197814 
2.872330 
2.872330 
2.719968 
2.143637 
3.392447 
-0.441486 
-0.441486 
-0.441486 
-0.707736 
-0.707736 
-0.707736 
-0.043745 
2.844572 
-0.703253 
-0.703253 
-0.703253 
0.041518 
2.432576 
2.432576 
-1.798324 
-0.388193 
0.792110 
2.535253 
2.798240 
-1.591529 
-0.298174 
3.822256 
-2.382152 
-2.382152 
-0.029527 
3.697314 
3.697314 
3.697314 
3.697314 
-1.966656 
-1.993567 
-2.059271 
2.779939 
1.620588 
2.059852 
-0.856496 
-0.856496 
3.107615 
1.592264 
0.581037 
5.567031 
0.868622 
1.353020 
0.669027 
-0.840658 
0.412656 
0.412656 
0.897269 
1.105808 
1.105808 
3.927746 
-1.031927 
-1.031927 
2.770577 
1.958527 
3.478532 
0.582364 
3.115148 
-0.407731 
0.214306 
0.214306 
0.214306 
0.471825 
1.219467 
1.219467 
1.219467 
2.140850 
1.589534 
1.754661 
2.690431 
2.690431 
0.227673 
4.965187 
1.665091 
1.665091 
1.209512 
1.209512 
1.209512 
-2.477196 
1.267509 
1.777812 
0.832501 
3.052551 
2.638277 
1.426109 
1.426109 
-1.088809 
6.949376 
-0.117243 
-0.187490 
-0.205416 
-0.205416 
-0.205416 
-0.205416 
-0.292510 
4.964157 
5.318589 
-0.541281 
-0.541281 
0.870162 
0.870162 
3.236889 
-3.558984 
-3.147444 
-1.501892 
-1.501892 
-1.501892 
1.103606 
1.103606 
0.335818 
0.335818 
0.335818 
-1.382499 
2.102886 
0.306705 
-0.348232 
-0.868143 
-1.653714 
-1.520321 
2.011967 
2.011967 
0.286445 
0.286445 
4.648793 
-4.449654 
1.154879 
1.154879 
1.154879 
1.154879 
0.115750 
0.219476 
6.255819 
4.857224 
-1.656281 
-1.817483 
-1.817483 
2.625150 
-0.541080 
-0.541080 
-0.541080 
4.780988 
-0.121643 
3.950552 
0.412891 
0.412891 
3.839753 
2.564361 
-0.179495 
-0.179495 
-0.179495 
1.094002 
1.094002 
1.755016 
1.755016 
1.755016 
1.755016 
0.978196 
0.978196 
0.978196 
1.054658 
1.054658 
1.054658 
-0.297300 
5.438646 
-1.499315 
0.237317 
-0.089419 
-0.045745 
-0.045745 
-0.045745 
0.599771 
1.735611 
1.735611 
1.735611 
1.735611 
1.735611 
0.596057 
0.065358 
0.065358 
-1.257436 
-0.851491 
0.576339 
0.576339 
0.576339 
-1.408399 
-1.253381 
2.889923 
1.646914 
1.103357 
1.103357 
1.103357 
1.103357 
1.103357 
1.890437 
1.890437 
-0.666698 
3.345313 
0.835797 
0.835797 
1.122172 
1.122172 
1.122172 
1.122172 
1.122172 
1.600984 
3.530035 
1.655991 
1.655991 
0.687695 
0.687695 
3.925990 
1.485037 
-1.851183 
-0.423885 
-0.423885 
0.666220 
-0.585462 
-0.585462 
0.638210 
4.510623 
0.551863 
0.551863 
3.226413 
-2.052608 
-0.168695 
-1.951602 
5.023431 
-0.176576 
1.588422 
1.588422 
3.541995 
0.249217 
0.249217 
1.479816 
0.685481 
3.013819 
3.013819 
-2.546558 
-2.687844 
4.145682 
-0.550980 
-0.550980 
-0.550980 
-0.389098 
3.532511 
-0.898939 
1.081157 
0.627548 
1.101758 
1.101758 
2.248306 
-2.523144 
2.407936 
1.640433 
-1.093949 
6.966360 
1.514428 
2.178933 
2.244046 
2.244046 
3.062388 
-2.292721 
-0.409735 
2.498581 
-1.273087 
-0.841987 
-1.482539 
1.800534 
-0.854663 
-0.743287 
-0.743287 
2.065690 
2.065690 
0.806214 
-0.521801 
-0.521801 
3.556344 
-0.585174 
1.267327 
1.267327 
2.828498 
2.828498 
0.686048 
0.686048 
0.686048 
0.686048 
1.120832 
1.120832 
1.120832 
1.012501 
1.012501 
1.012501 
2.927139 
2.927139 
3.616021 
-0.563340 
-0.557379 
-0.557379 
2.347280 
2.347280 
2.347280 
0.512838 
0.512838 
0.709778 
3.766930 
2.890017 
1.155211 
-0.521910 
1.207963 
1.466325 
1.466325 
1.466325 
4.303163 
-0.480135 
-0.480135 
2.050044 
0.476475 
2.903924 
-0.806458 
5.358518 
-6.951610 
3.385680 
-3.202060 
0.214568 
0.214568 
0.265819 
0.343704 
5.684836 
4.827829 
-4.463493 
-2.094804 
1.845884 
1.845884 
0.160896 
3.133396 
-2.379882 
-0.036269 
0.951177 
0.951177 
0.951177 
3.212422 
-0.177030 
3.385221 
-0.674236 
1.019935 
1.019935 
1.019935 
1.019935 
1.019935 
1.019935 
-0.423809 
5.603087 
-5.279214 
-2.153118 
-0.007113 
-0.007113 
-0.007113 
-0.799141 
-0.799141 
0.743921 
0.397169 
0.397169 
2.240786 
3.293537 
1.306146 
1.306146 
-1.141722 
-1.141722 
2.570048 
-1.242622 
-1.242622 
-0.861265 
6.205982 
5.191984 
-0.708331 
0.570645 
0.570645 
0.570645 
3.078586 
-1.491551 
0.279808 
0.279808 
0.279808 
0.279808 
0.935309 
0.935309 
0.820514 
-0.334686 
-0.334686 
4.160963 
-3.148344 
-1.620906 
-1.620906 
-1.493494 
0.482422 
1.533708 
1.303577 
1.303577 
-0.996908 
-0.996908 
2.683009 
-3.659452 
3.296455 
1.501154 
1.501154 
0.466996 
3.239282 
-1.795334 
-1.803075 
3.800119 
-5.640052 
-5.415916 
0.168312 
1.506020 
2.929716 
1.340399 
2.746837 
1.535160 
1.535160 
2.496049 
2.496049 
4.197160 
5.620578 
-1.118259 
1.776997 
-1.173979 
6.998358 
3.431360 
1.663177 
1.663177 
1.470975 
0.870806 
0.870806 
-0.873531 
-0.873531 
3.519515 
-3.966331 
3.821844 
1.537759 
1.537759 
1.537759 
1.537759 
1.537759 
2.450561 
1.485667 
1.485667 
1.485667 
1.485667 
1.485667 
1.485667 
-1.860163 
-1.860163 
-1.860163 
1.307626 
1.307626 
-2.290338 
-2.290338 
-1.544908 
-1.544908 
2.273083 
0.573168 
0.573168 
0.573168 
0.573168 
4.917781 
-1.704669 
-1.704669 
-1.517153 
1.201637 
3.103933 
0.542892 
2.002820 
-0.560260 
4.899584 
1.969348 
1.969348 
1.969348 
-1.716794 
-0.670127 
0.035908 
0.035908 
0.035908 
-0.225747 
6.583820 
0.171467 
0.100751 
3.099404 
2.336941 
2.336941 
1.747979 
1.747979 
1.482741 
1.482741 
0.482184 
0.482184 
0.482184 
1.911768 
1.390502 
1.390502 
-0.549384 
-0.054170 
-0.054170 
6.038154 
-1.736307 
0.458192 
0.458192 
1.733433 
-1.669286 
3.043114 
3.043114 
3.043114 
0.601648 
0.601648 
0.601648 
1.982039 
1.982039 
1.982039 
1.982039 
1.982039 
1.982039 
-1.767945 
-1.794757 
0.505007 
1.238188 
1.959173 
1.959173 
4.131483 
0.122795 
0.122795 
-0.257809 
1.494068 
1.494068 
1.544126 
1.544126 
1.249535 
0.626431 
-1.501152 
-0.269971 
2.361357 
1.695879 
-1.434030 
0.518727 
-0.113816 
4.276403 
0.508626 
0.508626 
1.611174 
1.608532 
1.608532 
1.608532 
1.608532 
-0.487325 
-0.487325 
-0.487325 
-0.487325 
-1.049583 
1.139400 
0.935448 
3.875882 
-1.983623 
3.376740 
0.750673 
0.750673 
1.570024 
1.570024 
1.570024 
-0.580026 
1.937140 
0.753827 
0.753827 
0.753827 
0.753827 
0.753827 
-1.048634 
1.948716 
1.948716 
1.840766 
1.840766 
0.491420 
0.491420 
-0.536457 
1.437714 
1.437714 
1.437714 
1.437714 
4.673613 
4.673613 
-3.083153 
5.051931 
-2.773529 
3.367629 
-1.962677 
0.450095 
0.450095 
3.849417 
3.849417 
0.243845 
0.243845 
3.772256 
3.030921 
-0.340670 
0.823509 
0.870131 
0.870131 
0.870131 
3.159203 
1.522675 
1.522675 
1.522675 
1.522675 
1.501116 
1.501116 
0.493144 
4.986829 
-4.264281 
3.062626 
-0.720941 
0.642705 
0.642705 
0.727217 
0.563822 
0.563822 
0.563822 
0.693979 
2.185327 
0.249749 
3.431548 
1.566236 
4.862350 
-1.910867 
1.991040 
2.209314 
-0.288830 
2.337576 
2.337576 
0.034058 
0.034058 
0.034058 
0.034058 
0.034058 
1.120568 
1.120568 
-1.605475 
1.819545 
1.819545 
2.726964 
-0.200407 
3.462575 
1.012242 
1.012242 
0.608034 
0.608034 
0.608034 
0.608034 
0.608034 
4.301539 
-0.299039 
4.610258 
4.610258 
-5.028950 
-5.028950 
3.340545 
-1.199087 
2.817364 
2.817364 
-1.287437 
1.486251 
1.486251 
-0.042855 
-0.136769 
1.084640 
0.197331 
0.857216 
-1.513550 
3.737196 
-4.148107 
4.493096 
-1.360025 
