0.880856 
0.924278 
0.924278 
0.322971 
0.838938 
0.878946 
0.449060 
0.332441 
0.332441 
0.508705 
0.890924 
0.994652 
0.994652 
0.994652 
0.994652 
0.773548 
0.773548 
0.773548 
0.534235 
0.534235 
0.534235 
0.534235 
0.534235 
0.534235 
0.815791 
0.194011 
0.993191 
0.993191 
0.993191 
0.304632 
0.293974 
0.293974 
0.895637 
0.466254 
0.934430 
0.608480 
0.867512 
0.649085 
0.649085 
0.497119 
0.461537 
0.461537 
0.640815 
0.640815 
0.824490 
0.687660 
0.687660 
0.687660 
0.873809 
0.690117 
0.617763 
0.637359 
0.721654 
0.721654 
0.538567 
0.209336 
0.797700 
0.797700 
0.971846 
0.971846 
0.563634 
0.889387 
0.889387 
0.889387 
0.889387 
0.654953 
0.777111 
0.777111 
0.777111 
0.897328 
0.752344 
0.276987 
0.633767 
0.633767 
0.633767 
0.445431 
0.423419 
0.452958 
0.312081 
0.969626 
0.969626 
0.969626 
0.969626 
0.969626 
0.514209 
0.285274 
0.384098 
0.976686 
0.550118 
0.221763 
0.409933 
0.403334 
0.572573 
0.572573 
0.625460 
0.625460 
0.610674 
0.618838 
0.618838 
0.967394 
0.159541 
0.917421 
0.910389 
0.429290 
0.882914 
0.882914 
0.867306 
0.939407 
0.939407 
0.980750 
0.980750 
0.980750 
0.980750 
0.262914 
0.704782 
0.986755 
0.466755 
0.609242 
0.992084 
0.563920 
0.563920 
0.527399 
0.699823 
0.699823 
0.824009 
0.824009 
0.955926 
0.955926 
0.933082 
0.326273 
0.326273 
0.346951 
0.199283 
0.739122 
0.692577 
0.692577 
0.626395 
0.508981 
0.361867 
0.827952 
0.827952 
0.827952 
0.148332 
0.072948 
0.475241 
0.475241 
0.475241 
0.655645 
0.903349 
0.562558 
0.562558 
0.782689 
0.782689 
0.782689 
0.887604 
0.887604 
0.887604 
0.709920 
0.709920 
0.588075 
0.123201 
0.352397 
0.717543 
0.717543 
0.771459 
0.771459 
0.850155 
0.591978 
0.772707 
0.995143 
0.995143 
0.568689 
0.222183 
0.222183 
0.539908 
0.566101 
0.374216 
0.056376 
0.739219 
0.963285 
0.716717 
0.716717 
0.444402 
0.925101 
0.925101 
0.925101 
0.925101 
0.836326 
0.317193 
0.214953 
0.530841 
0.244576 
0.993892 
0.522242 
0.401237 
0.629531 
0.793313 
0.920873 
0.930948 
0.930948 
0.930948 
0.930948 
0.627536 
0.627536 
0.562899 
0.643007 
0.840128 
0.840128 
0.814097 
0.651709 
0.464005 
0.443734 
0.725672 
0.885666 
0.770230 
0.202053 
0.202053 
0.577271 
0.607068 
0.622532 
0.056759 
0.087039 
0.121510 
0.898552 
0.469281 
0.958754 
0.958754 
0.958754 
0.880891 
0.384851 
0.605098 
0.885447 
0.826687 
0.826687 
0.826687 
0.708616 
0.601859 
0.807725 
0.449990 
0.449990 
0.449990 
0.659559 
0.361988 
0.706927 
0.706927 
0.455436 
0.400102 
0.498119 
0.792663 
0.353553 
0.283320 
0.883696 
0.753278 
0.753278 
0.768955 
0.768955 
0.922912 
0.922912 
0.922912 
0.710789 
0.710789 
0.710789 
0.610850 
0.560645 
0.792061 
0.118849 
0.685621 
0.625564 
0.945250 
0.945250 
0.945250 
0.511188 
0.511188 
0.748073 
0.955247 
0.649908 
0.517282 
0.713776 
0.520713 
0.520713 
0.778995 
0.778995 
0.411505 
0.489025 
0.795619 
0.419380 
0.899273 
0.899273 
0.899273 
0.899273 
0.899273 
0.899273 
0.690576 
0.942249 
0.942249 
0.749779 
0.099294 
0.531195 
0.531195 
0.531195 
0.531195 
0.308822 
0.083333 
0.236615 
0.633273 
0.685034 
0.685034 
0.685034 
0.897751 
0.416350 
0.615078 
0.878483 
0.726405 
0.547543 
0.456327 
0.743422 
0.743422 
0.743422 
0.723835 
0.304300 
0.990140 
0.990140 
0.916842 
0.916842 
0.916842 
0.916842 
0.694332 
0.749181 
0.169501 
0.606403 
0.727134 
0.046178 
0.046178 
0.960236 
0.960236 
0.960236 
0.763958 
0.790821 
0.790821 
0.790821 
0.332615 
0.355998 
0.355998 
0.410911 
0.410911 
0.159848 
0.751578 
0.751578 
0.722682 
0.722682 
0.722682 
0.722682 
0.963155 
0.963155 
0.963155 
0.685338 
0.532161 
0.874297 
0.874297 
0.611174 
0.611174 
0.420568 
0.197173 
0.347257 
0.631488 
0.865928 
0.784655 
0.957736 
0.957736 
0.294039 
0.150619 
0.744937 
0.531966 
0.549530 
0.722488 
0.722488 
0.722488 
0.092563 
0.678856 
0.283747 
0.319028 
0.156555 
0.389265 
0.389265 
0.129642 
0.065203 
0.290542 
0.197497 
0.292800 
0.887695 
0.887695 
0.689117 
0.689117 
0.689117 
0.689117 
0.568747 
0.432197 
0.642200 
0.642200 
0.487974 
0.691539 
0.691539 
0.634576 
0.634576 
0.606966 
0.559203 
0.420308 
0.758415 
0.838555 
0.838555 
0.371982 
0.502539 
0.419301 
0.459401 
0.548212 
0.655630 
0.707736 
0.180842 
0.677180 
0.672171 
0.414988 
0.723489 
0.430693 
0.764411 
0.764411 
0.331349 
0.854503 
0.377061 
0.377061 
0.199640 
0.249944 
0.724089 
0.939261 
0.807241 
0.807241 
0.807241 
0.890382 
0.915943 
0.915943 
0.915943 
0.819950 
0.819950 
0.165572 
0.649784 
0.989825 
0.989825 
0.989825 
0.989825 
0.989825 
0.989825 
0.989825 
0.989825 
0.523160 
0.523160 
0.762057 
0.528553 
0.528553 
0.315663 
0.564057 
0.564057 
0.932424 
0.699098 
0.616844 
0.747329 
0.747329 
0.747329 
0.990843 
0.784578 
0.936600 
0.936600 
0.936600 
0.857581 
0.958761 
0.772640 
0.469735 
0.139417 
0.437840 
0.414170 
0.991829 
0.991829 
0.437667 
0.749753 
0.855541 
0.835388 
0.835388 
0.944134 
0.944134 
0.944134 
0.944134 
0.944134 
0.944134 
0.944134 
0.790787 
0.790787 
0.790787 
0.790787 
0.790787 
0.790787 
0.790787 
0.790787 
0.790787 
0.790787 
0.790787 
0.790787 
0.720177 
0.720177 
0.720177 
0.829491 
0.829491 
0.733421 
0.733421 
0.733421 
0.733421 
0.408955 
0.965962 
0.965962 
0.688426 
0.935509 
0.935509 
0.900268 
0.679428 
0.679428 
0.807533 
0.463698 
0.463698 
0.678858 
0.680165 
0.855433 
0.467958 
0.082114 
0.736811 
0.831896 
0.626113 
0.634728 
0.331014 
0.469516 
0.685656 
0.685656 
0.685656 
0.855129 
0.855129 
0.340780 
0.618361 
0.946631 
0.122033 
0.661130 
0.498003 
0.637074 
0.719058 
0.566988 
0.491262 
0.773731 
0.888724 
0.634159 
0.540352 
0.621809 
0.038513 
0.984764 
0.568111 
0.836344 
0.836344 
0.836344 
0.836344 
0.719277 
0.883883 
0.883883 
0.678834 
0.678834 
0.882930 
0.961031 
0.961031 
0.961031 
0.961031 
0.927284 
0.927284 
0.927284 
0.693139 
0.398515 
0.834211 
0.834211 
0.834211 
0.308459 
0.587014 
0.928055 
0.928055 
0.749760 
0.961660 
0.961660 
0.961660 
0.961660 
0.961660 
0.961660 
0.961660 
0.978120 
0.978120 
0.280768 
0.918309 
0.259666 
0.276850 
0.408285 
0.783298 
0.719426 
0.719426 
0.862100 
0.914732 
0.308973 
0.179213 
0.179213 
0.865174 
0.316222 
0.639569 
0.364789 
0.977419 
0.281672 
0.734227 
0.777239 
0.777239 
0.689047 
0.187623 
0.750959 
0.750959 
0.207448 
0.401458 
0.047369 
0.186367 
0.997377 
0.888628 
0.991327 
0.991327 
0.808229 
0.368763 
0.330421 
0.618794 
0.594120 
0.716645 
0.716645 
0.716645 
0.716645 
0.266041 
0.848883 
0.193398 
0.524265 
0.460343 
0.460343 
0.640535 
0.862742 
0.862742 
0.690204 
0.924460 
0.924460 
0.924460 
0.921875 
0.921875 
0.672307 
0.870654 
0.950755 
0.733881 
0.753538 
0.753538 
0.586433 
0.843494 
0.429278 
0.773921 
0.773921 
0.701203 
0.434185 
0.708401 
0.990209 
0.830070 
0.131743 
0.182967 
0.760222 
0.847725 
0.982081 
0.599125 
0.846813 
0.846813 
0.174061 
0.581479 
0.995471 
0.805054 
0.805054 
0.898891 
0.898891 
0.898891 
0.934201 
0.915382 
0.838887 
0.287025 
0.851658 
0.851658 
0.786891 
0.786891 
0.325137 
0.086881 
0.188383 
0.650973 
0.650973 
0.508455 
0.611580 
0.611580 
0.456461 
0.119914 
0.834624 
0.087891 
0.793585 
0.793585 
0.758269 
0.986944 
0.986944 
0.950641 
0.950641 
0.950641 
0.798870 
0.223373 
0.616696 
0.616696 
0.641532 
0.324933 
0.535166 
0.535166 
0.409127 
0.680696 
0.680696 
0.975667 
0.975667 
0.975667 
0.912539 
0.912539 
0.912539 
0.717381 
0.524326 
0.774823 
0.774823 
0.776299 
0.776299 
0.967535 
0.440401 
0.400354 
0.958699 
0.958699 
0.958699 
0.958699 
0.958699 
0.973437 
0.866330 
0.866330 
0.353117 
0.889786 
0.889786 
0.582217 
0.582217 
0.914229 
0.914229 
0.729119 
0.729119 
0.729119 
0.930666 
0.917877 
0.866286 
0.377700 
0.745861 
0.745861 
0.745861 
0.745861 
0.745861 
0.745861 
0.748976 
0.379284 
0.998549 
0.666801 
0.666801 
0.180088 
0.668165 
0.401687 
0.557303 
0.557303 
0.438961 
0.778205 
0.778205 
0.778205 
0.778205 
0.778205 
0.792483 
0.896509 
0.896509 
0.646495 
0.851684 
0.599253 
0.107062 
0.462682 
0.650386 
0.770090 
0.770090 
0.770090 
0.534972 
0.760348 
0.132613 
0.376915 
0.304898 
0.786726 
0.356454 
0.698134 
0.630029 
0.592151 
0.592151 
0.961542 
0.873915 
0.146231 
0.253008 
0.449480 
0.696860 
0.696860 
0.696860 
0.806939 
0.575619 
0.138264 
0.378908 
0.378908 
0.520214 
0.513467 
0.216616 
0.809901 
0.809901 
0.809901 
0.477403 
0.372229 
0.854990 
0.854990 
0.988593 
0.988593 
0.573800 
0.702132 
0.939008 
0.939008 
0.939008 
0.852812 
0.278535 
0.290629 
0.929814 
0.855579 
0.855579 
0.954519 
0.740863 
0.377023 
0.803377 
0.803377 
0.803377 
0.678447 
0.793373 
0.793373 
0.399820 
0.606734 
0.408773 
0.408773 
0.286501 
0.704931 
0.292820 
0.292820 
0.159660 
0.855042 
0.664177 
0.664177 
0.889187 
0.331530 
0.331530 
0.610667 
0.610667 
0.610667 
0.755692 
0.755692 
0.568854 
0.842838 
0.842838 
0.842838 
0.842838 
0.879895 
0.879895 
0.814727 
0.397456 
0.397456 
0.397456 
0.604156 
0.388848 
0.388848 
0.422401 
0.542604 
0.542604 
0.495228 
0.495228 
0.903882 
0.893981 
0.839965 
0.979656 
0.979656 
0.414059 
0.414059 
0.443417 
0.309684 
0.452112 
0.452112 
0.452112 
0.872400 
0.695340 
0.695340 
0.695340 
0.695340 
0.695340 
0.507641 
0.692775 
0.369253 
0.642642 
0.156142 
0.390196 
0.239242 
0.623717 
0.623717 
0.623717 
0.678510 
0.974756 
0.974756 
0.681709 
0.874900 
0.930507 
0.911066 
0.911066 
0.911066 
0.911066 
0.911066 
0.911066 
0.175181 
0.240389 
0.296072 
0.695479 
0.469268 
0.465248 
0.226701 
0.332427 
0.357140 
0.357140 
0.815756 
0.528253 
0.528253 
0.528253 
0.634435 
0.801215 
0.772549 
0.673628 
0.439974 
0.384717 
0.384717 
0.384717 
0.931596 
0.931596 
0.298356 
0.582135 
0.599345 
0.688946 
0.434442 
0.526243 
0.145487 
0.145487 
0.893461 
0.528044 
0.606930 
0.606930 
0.754281 
0.698266 
0.708208 
0.708208 
0.708208 
0.747929 
0.661122 
0.661122 
0.166034 
0.996863 
0.996863 
0.436385 
0.785852 
0.762011 
0.316417 
0.339412 
0.411466 
0.494122 
0.899107 
0.899107 
0.899107 
0.840362 
0.562490 
0.562490 
0.747806 
0.747806 
0.747806 
0.747806 
0.557768 
0.072712 
0.810809 
0.810809 
0.564545 
0.672790 
0.672790 
0.627688 
0.998887 
0.290986 
0.906129 
0.906129 
0.744833 
0.744833 
0.336727 
0.881030 
0.797529 
0.853011 
0.752191 
0.752191 
0.138632 
0.099902 
0.360779 
0.746427 
0.460763 
0.289364 
0.924273 
0.802778 
0.709183 
0.326760 
0.778235 
0.778235 
0.835575 
0.968495 
0.905347 
0.621935 
0.451913 
0.451913 
0.598118 
0.804781 
0.865711 
0.865711 
0.624756 
0.624756 
0.790132 
0.749117 
0.164794 
0.164794 
0.164794 
0.898297 
0.869560 
0.574082 
0.550720 
0.787226 
0.224960 
0.892724 
0.647272 
0.566381 
0.353629 
0.610247 
0.602535 
0.602535 
0.602535 
0.563390 
0.194022 
0.728014 
0.657482 
0.853923 
0.853923 
0.435524 
0.674909 
0.695350 
0.695350 
0.814947 
0.252388 
0.252388 
0.411652 
0.168981 
0.869181 
0.695422 
0.425225 
0.763020 
0.877736 
0.733829 
0.158779 
0.971617 
0.971617 
0.565176 
0.565176 
0.504603 
0.230974 
0.226574 
0.236899 
0.393861 
0.393861 
0.393861 
0.261303 
0.261303 
0.985372 
0.798092 
0.786651 
0.577508 
0.424062 
0.424062 
0.298337 
0.934657 
0.934657 
0.975700 
0.975700 
0.676472 
0.419111 
0.656552 
0.496194 
0.714385 
0.627544 
0.627544 
0.668589 
0.668589 
0.668589 
0.659531 
0.659531 
0.873060 
0.580846 
0.471077 
0.224966 
0.224966 
0.702747 
0.629609 
0.177884 
0.380387 
0.525910 
0.629225 
0.908721 
0.628939 
0.481123 
0.647469 
0.845936 
0.845936 
0.875063 
0.486096 
0.486096 
0.974608 
0.974608 
0.676021 
0.547896 
0.547896 
0.386544 
0.625059 
0.929571 
0.929571 
0.956307 
0.956307 
0.926711 
0.926711 
0.926711 
0.672760 
0.635476 
0.690348 
0.722384 
0.722384 
0.526676 
0.891593 
0.891593 
0.570786 
0.248396 
0.248396 
0.435764 
0.354642 
0.848050 
0.824034 
0.824034 
0.824034 
0.666293 
0.698352 
0.789812 
0.315920 
0.359006 
0.654650 
0.359715 
0.426589 
0.251098 
0.877596 
0.593511 
0.593511 
0.860473 
0.860473 
0.882688 
0.882688 
0.957137 
0.708974 
0.496863 
0.268421 
0.684461 
0.909953 
0.909953 
0.588618 
0.588618 
0.588618 
0.950236 
0.950236 
0.950236 
0.950236 
0.950236 
0.432764 
0.460720 
0.460720 
0.460720 
0.599014 
0.869528 
0.791849 
0.791849 
0.634633 
0.883031 
0.717455 
0.848770 
0.224764 
0.671257 
0.258298 
0.435845 
0.435845 
0.814217 
0.814217 
0.285892 
0.640110 
0.640110 
0.334439 
0.973927 
0.973927 
0.973927 
0.391385 
0.250478 
0.477852 
0.766603 
0.610702 
0.864703 
0.852786 
0.549562 
0.549562 
0.416668 
0.592845 
0.697770 
0.708791 
0.252230 
0.812099 
0.195376 
0.195376 
0.678614 
0.146196 
0.721296 
0.757139 
0.757139 
0.619925 
0.563735 
0.306357 
0.489061 
0.839023 
0.955991 
0.955991 
0.738321 
0.825621 
0.825621 
0.825621 
0.825621 
0.601632 
0.823387 
0.446999 
0.838893 
0.415985 
0.706952 
0.864578 
0.877114 
0.877114 
0.877114 
0.710502 
0.710502 
0.371160 
0.780083 
0.915946 
0.915946 
0.406949 
0.735859 
0.944034 
0.944034 
0.944034 
0.908209 
0.681293 
0.903195 
0.903195 
0.903195 
0.903195 
0.501268 
0.409891 
0.409891 
0.271084 
0.253815 
0.499583 
0.499583 
0.275611 
0.258599 
0.584100 
0.158921 
0.975831 
0.837437 
0.837437 
0.837437 
0.678301 
0.729821 
0.460970 
0.731052 
0.452520 
0.359777 
0.971458 
0.971458 
0.971458 
0.971458 
0.347899 
0.905595 
0.840572 
0.840572 
0.840572 
0.840572 
0.840572 
0.923789 
0.600264 
0.584948 
0.301375 
0.876494 
0.876494 
0.127727 
0.543692 
0.377810 
0.386978 
0.399437 
0.628555 
0.243326 
0.122594 
0.685677 
0.613395 
0.999637 
0.456051 
0.784068 
0.697648 
0.778500 
0.695802 
0.695802 
0.706377 
0.706377 
0.657780 
0.638956 
0.467606 
0.534762 
0.534762 
0.692143 
0.961043 
0.961043 
0.736815 
0.736815 
0.883611 
0.982799 
0.982799 
0.797582 
0.797582 
0.441622 
0.441622 
0.573562 
0.676044 
0.676044 
0.426943 
0.426943 
0.980166 
0.780545 
0.780545 
0.372477 
0.372477 
0.675862 
0.062045 
0.541165 
0.505896 
0.569444 
0.313676 
0.961771 
0.921077 
0.816653 
0.987027 
0.987027 
0.261694 
0.492240 
0.397756 
0.971378 
0.971378 
0.971378 
0.971378 
0.877047 
0.971971 
0.283691 
0.283691 
0.596206 
0.596206 
0.433429 
0.151373 
0.702942 
0.297042 
0.590493 
0.463089 
0.196799 
0.324554 
0.890078 
0.881367 
0.775778 
0.860658 
0.518536 
0.952010 
0.952010 
0.792960 
0.849483 
0.829943 
0.802410 
0.802410 
0.878566 
0.878566 
0.499207 
0.786765 
0.786765 
0.786765 
0.879013 
0.507904 
0.156552 
0.405758 
0.534657 
0.482135 
0.716524 
0.716524 
0.716524 
0.610496 
0.610496 
0.890048 
0.890048 
0.364525 
0.682877 
0.507953 
0.507953 
0.265808 
0.946757 
0.946757 
0.946757 
0.946757 
0.946757 
0.946757 
0.853051 
0.396765 
0.620294 
0.620294 
0.620294 
0.620294 
0.620294 
0.620294 
0.166033 
0.961792 
0.961792 
0.961792 
0.902961 
0.519892 
0.661443 
0.519700 
0.436349 
0.678927 
0.505607 
0.405112 
0.585045 
0.990245 
0.990245 
0.990245 
0.990245 
0.990245 
0.303213 
0.588564 
0.954494 
0.362775 
0.525091 
0.612825 
0.630285 
0.630285 
0.726482 
0.993434 
0.993434 
0.993434 
0.832241 
0.832241 
0.832241 
0.620330 
0.271944 
0.849841 
0.924183 
0.924183 
0.630987 
0.457781 
0.471057 
0.976610 
0.460178 
0.758810 
0.758810 
0.897679 
0.739925 
0.739925 
0.179535 
0.744863 
